"","N_under_dosing","N_MTD","N_over_dosing","Pts","Length","Safety_stop","Sufficient_info","MTD"
"1",25,4,3,32,10.1198,0,0,5
"2",17,11,3,31,10.3455,0,0,5
"3",22,7,3,32,10.3392,0,0,6
"4",29,3,0,32,8.7863,0,0,5
"5",25,4,3,32,8.5303,0,0,6
"6",29,3,0,32,8.164,0,0,5
"7",25,6,0,31,10.3503,0,0,5
"8",27,3,0,30,7.6107,0,0,5
"9",18,0,0,18,8.6995,0,1,4
"10",32,0,0,32,10.6533,0,0,3
"11",32,0,0,32,10.5883,0,0,4
"12",30,0,0,30,10.5806,0,0,4
"13",30,0,0,30,9.9593,0,0,4
"14",29,3,0,32,7.497,0,0,5
"15",30,0,0,30,11.7347,0,0,4
"16",32,0,0,32,12.0391,0,0,4
"17",32,0,0,32,9.5623,0,0,3
"18",29,3,0,32,10.7807,0,0,4
"19",32,0,0,32,7.4239,0,0,4
"20",30,0,0,30,6.5459,0,0,3
"21",31,0,0,31,11.1924,0,0,4
"22",30,0,0,30,9.3891,0,0,3
"23",9,0,0,9,4.3645,0,1,1
"24",30,0,0,30,10.0702,0,0,4
"25",32,0,0,32,9.8678,0,0,4
"26",29,3,0,32,9.7756,0,0,5
"27",31,0,0,31,7.3512,0,0,3
"28",29,3,0,32,9.6548,0,0,4
"29",15,0,0,15,7.7968,0,1,3
"30",24,0,0,24,7.5633,0,1,3
"31",30,0,0,30,10.5128,0,0,3
"32",30,0,0,30,11.1362,0,0,3
"33",30,0,0,30,9.3986,0,0,3
"34",29,3,0,32,8.8973,0,0,5
"35",25,0,0,25,11.4131,0,1,2
"36",9,0,0,9,3.9088,0,1,1
"37",9,0,0,9,5.9601,0,1,1
"38",29,3,0,32,11.784,0,0,5
"39",30,0,0,30,7.3092,0,0,3
"40",30,0,0,30,7.2139,0,0,3
"41",32,0,0,32,6.3581,0,0,4
"42",22,0,0,22,7.6839,0,1,2
"43",29,3,0,32,9.1194,0,0,5
"44",29,3,0,32,8.0896,0,0,5
"45",31,0,0,31,7.4612,0,0,4
"46",29,3,0,32,9.8601,0,0,4
"47",29,3,0,32,9.0673,0,0,4
"48",29,3,0,32,7.9968,0,0,4
"49",32,0,0,32,7.3595,0,0,3
"50",28,3,0,31,9.4046,0,0,5
"51",29,3,0,32,10.82,0,0,5
"52",9,0,0,9,3.8116,0,1,1
"53",32,0,0,32,10.0164,0,0,4
"54",30,0,0,30,6.8969,0,0,3
"55",30,0,0,30,8.9866,0,0,4
"56",32,0,0,32,11.8937,0,0,4
"57",32,0,0,32,11.5368,0,0,4
"58",30,0,0,30,6.7936,0,0,3
"59",26,6,0,32,10.7942,0,0,5
"60",29,3,0,32,9.8063,0,0,5
"61",27,3,0,30,10.6711,0,0,4
"62",30,0,0,30,10.8965,0,0,4
"63",30,0,0,30,10.5819,0,0,3
"64",30,0,0,30,11.7068,0,0,4
"65",32,0,0,32,13.059,0,0,3
"66",27,3,0,30,9.6116,0,0,4
"67",31,0,0,31,10.5091,0,0,4
"68",32,0,0,32,8.8452,0,0,4
"69",27,0,0,27,8.1757,0,1,4
"70",32,0,0,32,7.2894,0,0,4
"71",22,3,0,25,7.7213,0,1,4
"72",27,0,0,27,9.7094,0,1,4
"73",26,6,0,32,8.5874,0,0,5
"74",32,0,0,32,8.5673,0,0,4
"75",29,3,0,32,10.5174,0,0,4
"76",14,15,3,32,9.6345,0,0,5
"77",30,0,0,30,9.298,0,0,4
"78",30,0,0,30,8.755,0,0,4
"79",27,0,0,27,8.7202,0,1,3
"80",31,0,0,31,12.6415,0,0,2
"81",32,0,0,32,7.1526,0,0,4
"82",30,0,0,30,10.5985,0,0,3
"83",24,0,0,24,9.8349,0,1,2
"84",32,0,0,32,9.212,0,0,4
"85",30,0,0,30,10.2866,0,0,4
"86",30,0,0,30,9.2331,0,0,4
"87",21,0,0,21,9.3223,0,1,2
"88",31,0,0,31,6.6027,0,0,4
"89",32,0,0,32,9.5688,0,0,4
"90",15,0,0,15,7.7233,0,1,3
"91",30,0,0,30,6.8055,0,0,3
"92",30,0,0,30,11.033,0,0,2
"93",30,0,0,30,8.0607,0,0,3
"94",32,0,0,32,9.523,0,0,4
"95",31,0,0,31,8.2026,0,0,4
"96",28,3,0,31,8.1614,0,0,4
"97",29,3,0,32,7.7248,0,0,4
"98",24,0,0,24,9.3008,0,1,3
"99",12,0,0,12,5.6788,0,1,2
"100",32,0,0,32,9.35,0,0,4
"101",32,0,0,32,7.7659,0,0,4
"102",30,0,0,30,7.8764,0,0,4
"103",32,0,0,32,6.8528,0,0,4
"104",29,3,0,32,7.5808,0,0,5
"105",27,3,0,30,7.7335,0,0,5
"106",29,3,0,32,11.1957,0,0,5
"107",31,0,0,31,10.7427,0,0,4
"108",32,0,0,32,12.6979,0,0,3
"109",29,3,0,32,10.9398,0,0,4
"110",29,3,0,32,10.98,0,0,4
"111",29,3,0,32,15.879,0,0,5
"112",29,3,0,32,13.0087,0,0,4
"113",32,0,0,32,9.4758,0,0,4
"114",32,0,0,32,8.0558,0,0,4
"115",26,6,0,32,10.4727,0,0,5
"116",32,0,0,32,9.9514,0,0,4
"117",26,6,0,32,9.2248,0,0,5
"118",29,3,0,32,11.1397,0,0,5
"119",24,6,0,30,9.0495,0,0,5
"120",29,3,0,32,10.1929,0,0,5
"121",29,3,0,32,9.1797,0,0,4
"122",31,0,0,31,10.1538,0,0,3
"123",30,0,0,30,11.3462,0,0,2
"124",27,0,0,27,9.8794,0,1,2
"125",30,0,0,30,9.5371,0,0,3
"126",31,0,0,31,7.8574,0,0,4
"127",29,3,0,32,8.4129,0,0,4
"128",32,0,0,32,9.9678,0,0,4
"129",30,0,0,30,8.9083,0,0,4
"130",28,3,0,31,10.0109,0,0,5
"131",25,4,3,32,9.3715,0,0,6
"132",22,7,3,32,9.0762,0,0,6
"133",26,6,0,32,8.6024,0,0,5
"134",32,0,0,32,7.5032,0,0,4
"135",32,0,0,32,8.3514,0,0,4
"136",27,0,0,27,11.2167,0,1,4
"137",24,0,0,24,9.8484,0,1,3
"138",24,0,0,24,9.8915,0,1,3
"139",32,0,0,32,8.6307,0,0,4
"140",32,0,0,32,8.5578,0,0,4
"141",29,3,0,32,7.6091,0,0,5
"142",32,0,0,32,6.9723,0,0,4
"143",29,0,0,29,9.7754,0,1,4
"144",29,3,0,32,12.2711,0,0,5
"145",32,0,0,32,12.4996,0,0,3
"146",30,0,0,30,8.0194,0,0,3
"147",30,0,0,30,8.9027,0,0,4
"148",18,0,0,18,7.2684,0,1,3
"149",31,0,0,31,10.5464,0,0,3
"150",30,0,0,30,9.7696,0,0,4
"151",30,0,0,30,7.3794,0,0,3
"152",30,0,0,30,8.1497,0,0,4
"153",26,6,0,32,10.3348,0,0,5
"154",29,3,0,32,8.3417,0,0,4
"155",29,3,0,32,7.2345,0,0,5
"156",30,0,0,30,8.0321,0,0,4
"157",30,0,0,30,5.9783,0,0,3
"158",30,0,0,30,11.4733,0,0,2
"159",24,0,0,24,9.669,0,1,3
"160",32,0,0,32,13.8292,0,0,4
"161",28,0,0,28,7.8554,0,1,3
"162",30,0,0,30,10.0004,0,0,4
"163",32,0,0,32,10.6184,0,0,4
"164",32,0,0,32,10.1274,0,0,4
"165",27,3,0,30,9.4651,0,0,5
"166",29,3,0,32,8.8014,0,0,5
"167",30,0,0,30,8.1937,0,0,4
"168",32,0,0,32,6.9148,0,0,4
"169",32,0,0,32,7.6264,0,0,4
"170",29,3,0,32,9.2238,0,0,5
"171",29,3,0,32,7.902,0,0,5
"172",30,0,0,30,9.4672,0,0,2
"173",30,0,0,30,7.859,0,0,2
"174",29,3,0,32,8.1442,0,0,5
"175",30,0,0,30,7.048,0,0,4
"176",30,0,0,30,11.2369,0,0,2
"177",26,6,0,32,8.3558,0,0,5
"178",32,0,0,32,7.4957,0,0,4
"179",28,3,0,31,10.8238,0,0,5
"180",32,0,0,32,10.7842,0,0,4
"181",29,3,0,32,13.2587,0,0,5
"182",29,3,0,32,11.2419,0,0,5
"183",30,0,0,30,10.1914,0,0,4
"184",29,3,0,32,9.6002,0,0,5
"185",29,3,0,32,9.0135,0,0,5
"186",32,0,0,32,7.9006,0,0,4
"187",32,0,0,32,6.8765,0,0,4
"188",32,0,0,32,9.1884,0,0,3
"189",29,3,0,32,9.6854,0,0,4
"190",30,0,0,30,8.6741,0,0,3
"191",29,3,0,32,10.7081,0,0,5
"192",29,3,0,32,9.1003,0,0,5
"193",29,3,0,32,7.6377,0,0,5
"194",29,3,0,32,9.0267,0,0,5
"195",25,4,3,32,8.8816,0,0,6
"196",29,3,0,32,8.5135,0,0,4
"197",32,0,0,32,7.7013,0,0,3
"198",28,3,0,31,9.3399,0,0,4
"199",29,3,0,32,6.5196,0,0,5
"200",30,0,0,30,10.9629,0,0,4
"201",30,0,0,30,11.1457,0,0,4
"202",32,0,0,32,7.7648,0,0,3
"203",30,0,0,30,7.8393,0,0,4
"204",31,0,0,31,10.0555,0,0,4
"205",19,8,3,30,10.116,0,0,6
"206",24,5,3,32,10.068,0,0,6
"207",29,3,0,32,10.1062,0,0,5
"208",29,3,0,32,7.9738,0,0,5
"209",27,3,0,30,8.0275,0,0,4
"210",28,3,0,31,9.0362,0,0,4
"211",32,0,0,32,8.8124,0,0,4
"212",29,3,0,32,11.6975,0,0,5
"213",30,0,0,30,10.3009,0,0,3
"214",30,0,0,30,9.4878,0,0,3
"215",32,0,0,32,6.8519,0,0,4
"216",30,0,0,30,10.596,0,0,4
"217",30,0,0,30,8.3952,0,0,3
"218",29,3,0,32,8.9182,0,0,5
"219",29,3,0,32,9.9619,0,0,5
"220",21,8,3,32,8.8775,0,0,6
"221",29,3,0,32,7.8627,0,0,5
"222",24,0,0,24,6.9709,0,1,4
"223",32,0,0,32,8.8157,0,0,4
"224",29,3,0,32,8.5368,0,0,5
"225",26,6,0,32,9.3432,0,0,5
"226",32,0,0,32,8.3073,0,0,4
"227",30,0,0,30,7.7321,0,0,4
"228",30,0,0,30,11.6774,0,0,4
"229",30,0,0,30,10.6835,0,0,4
"230",12,0,0,12,6.3446,0,1,2
"231",24,0,0,24,11.0082,0,1,2
"232",24,0,0,24,9.2963,0,1,2
"233",24,0,0,24,8.335,0,1,2
"234",29,3,0,32,10.207,0,0,5
"235",29,3,0,32,9.3445,0,0,5
"236",18,0,0,18,8.7793,0,1,4
"237",15,0,0,15,7.0943,0,1,3
"238",31,0,0,31,10.9425,0,0,4
"239",21,0,0,21,10.565,0,1,4
"240",18,0,0,18,8.7572,0,1,4
"241",27,0,0,27,9.2034,0,1,4
"242",30,0,0,30,9.313,0,0,4
"243",29,3,0,32,9.7818,0,0,5
"244",29,3,0,32,7.5561,0,0,5
"245",27,0,0,27,9.6309,0,1,3
"246",24,0,0,24,6.7204,0,1,3
"247",29,0,0,29,8.2251,0,1,3
"248",27,0,0,27,11.0447,0,1,4
"249",9,0,0,9,4.0652,0,1,1
"250",32,0,0,32,8.3498,0,0,4
"251",30,0,0,30,11.3923,0,0,3
"252",21,0,0,21,9.8015,0,1,2
"253",15,0,0,15,7.2277,0,1,3
"254",32,0,0,32,11.4871,0,0,3
"255",31,0,0,31,9.5394,0,0,3
"256",30,0,0,30,7.0185,0,0,4
"257",32,0,0,32,12.8558,0,0,4
"258",26,6,0,32,9.6657,0,0,5
"259",32,0,0,32,8.9355,0,0,4
"260",32,0,0,32,9.8996,0,0,4
"261",29,3,0,32,8.9786,0,0,4
"262",31,0,0,31,8.6409,0,0,4
"263",30,0,0,30,7.8302,0,0,4
"264",31,0,0,31,8.6488,0,0,4
"265",32,0,0,32,10.3871,0,0,4
"266",32,0,0,32,9.9817,0,0,4
"267",32,0,0,32,8.8492,0,0,4
"268",30,0,0,30,8.059,0,0,4
"269",32,0,0,32,7.4051,0,0,3
"270",31,0,0,31,11.9631,0,0,3
"271",32,0,0,32,10.3129,0,0,4
"272",30,0,0,30,9.1854,0,0,4
"273",28,3,0,31,10.9142,0,0,4
"274",27,3,0,30,10.7134,0,0,4
"275",30,0,0,30,7.2094,0,0,3
"276",30,0,0,30,6.3412,0,0,4
"277",29,3,0,32,12.1499,0,0,5
"278",32,0,0,32,8.4298,0,0,4
"279",30,0,0,30,7.1563,0,0,4
"280",29,3,0,32,11.2784,0,0,5
"281",29,3,0,32,9.591,0,0,4
"282",29,3,0,32,9.0479,0,0,4
"283",26,6,0,32,9.8792,0,0,5
"284",26,6,0,32,11.1924,0,0,5
"285",26,6,0,32,10.2617,0,0,5
"286",32,0,0,32,9.9948,0,0,4
"287",30,0,0,30,8.4658,0,0,4
"288",32,0,0,32,8.2129,0,0,3
"289",29,3,0,32,8.0888,0,0,4
"290",29,3,0,32,9.8634,0,0,5
"291",30,0,0,30,8.9914,0,0,4
"292",32,0,0,32,9.9096,0,0,4
"293",29,3,0,32,12.9417,0,0,5
"294",32,0,0,32,11.8428,0,0,4
"295",30,0,0,30,9.47,0,0,4
"296",30,0,0,30,9.175,0,0,4
"297",30,0,0,30,7.9949,0,0,4
"298",30,0,0,30,6.3284,0,0,4
"299",18,0,0,18,5.769,0,1,3
"300",31,0,0,31,8.0628,0,0,4
"301",30,0,0,30,11.4769,0,0,3
"302",32,0,0,32,9.7473,0,0,4
"303",27,3,0,30,10.5611,0,0,5
"304",31,0,0,31,10.6693,0,0,4
"305",29,3,0,32,7.0236,0,0,5
"306",27,0,0,27,10.6064,0,1,3
"307",27,0,0,27,10.5396,0,1,3
"308",32,0,0,32,11.1935,0,0,4
"309",32,0,0,32,8.3844,0,0,4
"310",29,3,0,32,8.6453,0,0,5
"311",29,3,0,32,7.2498,0,0,5
"312",30,0,0,30,10.6091,0,0,4
"313",30,0,0,30,12.0984,0,0,3
"314",32,0,0,32,12.5778,0,0,4
"315",27,0,0,27,8.0616,0,1,2
"316",30,0,0,30,7.6079,0,0,3
"317",29,3,0,32,8.4663,0,0,5
"318",29,3,0,32,9.1465,0,0,5
"319",29,3,0,32,8.0627,0,0,4
"320",27,0,0,27,10.6131,0,1,3
"321",29,3,0,32,10.0255,0,0,4
"322",32,0,0,32,8.1232,0,0,3
"323",32,0,0,32,10.122,0,0,3
"324",24,0,0,24,8.9144,0,1,2
"325",30,0,0,30,10.5872,0,0,3
"326",26,6,0,32,11.3386,0,0,5
"327",29,3,0,32,9.1422,0,0,5
"328",30,0,0,30,6.8068,0,0,3
"329",32,0,0,32,8.3996,0,0,4
"330",30,0,0,30,10.6588,0,0,3
"331",26,0,0,26,9.7957,0,1,4
"332",23,0,0,23,8.347,0,1,3
"333",32,0,0,32,10.0615,0,0,4
"334",30,0,0,30,9.3587,0,0,4
"335",32,0,0,32,7.8581,0,0,4
"336",29,3,0,32,7.0964,0,0,5
"337",29,3,0,32,7.3444,0,0,5
"338",30,0,0,30,8.1767,0,0,4
"339",28,3,0,31,9.1303,0,0,5
"340",27,3,0,30,7.4858,0,0,5
"341",32,0,0,32,7.62,0,0,4
"342",31,0,0,31,8.741,0,0,4
"343",31,0,0,31,7.354,0,0,4
"344",29,3,0,32,9.4452,0,0,5
"345",28,3,0,31,8.1811,0,0,5
"346",31,0,0,31,6.7051,0,0,4
"347",29,3,0,32,11.767,0,0,5
"348",29,3,0,32,10.5941,0,0,5
"349",24,5,3,32,8.7904,0,0,6
"350",29,3,0,32,7.7648,0,0,5
"351",30,0,0,30,13.4145,0,0,4
"352",29,3,0,32,13.1583,0,0,4
"353",29,3,0,32,10.1041,0,0,5
"354",27,3,0,30,8.9433,0,0,5
"355",29,3,0,32,8.7791,0,0,4
"356",32,0,0,32,8.7899,0,0,4
"357",30,0,0,30,8.5817,0,0,4
"358",30,0,0,30,10.392,0,0,4
"359",29,3,0,32,11.4691,0,0,5
"360",32,0,0,32,10.2915,0,0,4
"361",23,9,0,32,11.2066,0,0,5
"362",32,0,0,32,10.5765,0,0,4
"363",30,0,0,30,9.5679,0,0,4
"364",30,0,0,30,9.702,0,0,3
"365",32,0,0,32,14.4215,0,0,3
"366",32,0,0,32,10.1438,0,0,4
"367",32,0,0,32,8.2914,0,0,3
"368",32,0,0,32,9.935,0,0,3
"369",12,0,0,12,5.387,0,1,2
"370",32,0,0,32,8.9286,0,0,4
"371",27,0,0,27,8.1917,0,1,4
"372",31,0,0,31,8.3713,0,0,4
"373",12,0,0,12,5.7118,0,1,2
"374",29,3,0,32,10.7583,0,0,4
"375",29,3,0,32,9.5066,0,0,4
"376",32,0,0,32,8.601,0,0,4
"377",32,0,0,32,7.7935,0,0,4
"378",29,3,0,32,7.3637,0,0,5
"379",26,6,0,32,7.6406,0,0,4
"380",30,0,0,30,7.2861,0,0,4
"381",30,0,0,30,10.1954,0,0,4
"382",30,0,0,30,8.7162,0,0,4
"383",15,0,0,15,7.6976,0,1,3
"384",30,0,0,30,10.1574,0,0,4
"385",32,0,0,32,9.2643,0,0,4
"386",30,0,0,30,7.8498,0,0,4
"387",30,0,0,30,11.9471,0,0,3
"388",32,0,0,32,12.7784,0,0,4
"389",29,3,0,32,11.3181,0,0,5
"390",29,3,0,32,9.5348,0,0,5
"391",32,0,0,32,13.2283,0,0,4
"392",26,6,0,32,11.6673,0,0,5
"393",24,6,0,30,10.1649,0,0,5
"394",28,3,0,31,9.9576,0,0,5
"395",32,0,0,32,9.4643,0,0,4
"396",29,3,0,32,11.424,0,0,5
"397",27,3,0,30,10.5589,0,0,5
"398",32,0,0,32,10.1843,0,0,4
"399",29,0,0,29,9.355,0,1,3
"400",30,0,0,30,10.4347,0,0,3
"401",12,0,0,12,6.2201,0,1,2
"402",29,0,0,29,12.8839,0,1,3
"403",30,0,0,30,9.3112,0,0,3
"404",29,3,0,32,8.4265,0,0,4
"405",30,0,0,30,8.5589,0,0,4
"406",32,0,0,32,12.1198,0,0,4
"407",32,0,0,32,11.6097,0,0,4
"408",21,0,0,21,9.3092,0,1,3
"409",30,0,0,30,9.2682,0,0,3
"410",26,0,0,26,6.9672,0,1,3
"411",9,0,0,9,4.559,0,1,1
"412",30,0,0,30,8.248,0,0,3
"413",29,3,0,32,12.3448,0,0,5
"414",26,6,0,32,11.0379,0,0,5
"415",30,0,0,30,6.9427,0,0,4
"416",29,3,0,32,10.5441,0,0,5
"417",32,0,0,32,9.6864,0,0,4
"418",28,3,0,31,10.3552,0,0,5
"419",26,6,0,32,8.8584,0,0,5
"420",29,3,0,32,9.264,0,0,4
"421",32,0,0,32,10.3687,0,0,4
"422",24,6,0,30,11.9196,0,0,5
"423",29,3,0,32,12.0957,0,0,4
"424",30,0,0,30,9.9059,0,0,3
"425",30,0,0,30,9.9118,0,0,4
"426",30,0,0,30,6.5474,0,0,4
"427",32,0,0,32,6.1817,0,0,4
"428",24,0,0,24,7.1525,0,1,3
"429",12,0,0,12,5.3989,0,1,2
"430",30,0,0,30,9.1498,0,0,4
"431",32,0,0,32,6.9551,0,0,4
"432",32,0,0,32,7.9347,0,0,4
"433",32,0,0,32,8.8489,0,0,4
"434",28,3,0,31,13.2948,0,0,5
"435",28,3,0,31,10.6771,0,0,4
"436",29,3,0,32,8.1132,0,0,5
"437",32,0,0,32,8.9046,0,0,4
"438",32,0,0,32,8.3778,0,0,4
"439",29,3,0,32,10.5605,0,0,5
"440",30,0,0,30,7.5359,0,0,4
"441",30,0,0,30,9.5944,0,0,4
"442",32,0,0,32,9.2707,0,0,4
"443",32,0,0,32,7.0636,0,0,4
"444",30,0,0,30,7.8724,0,0,4
"445",29,3,0,32,12.2575,0,0,4
"446",27,3,0,30,9.1948,0,0,5
"447",31,0,0,31,8.5863,0,0,3
"448",29,3,0,32,10.657,0,0,5
"449",31,0,0,31,10.5843,0,0,4
"450",32,0,0,32,11.1877,0,0,3
"451",31,0,0,31,7.8762,0,0,4
"452",29,0,0,29,10.6893,0,1,4
"453",30,0,0,30,9.9568,0,0,4
"454",32,0,0,32,9.7614,0,0,4
"455",28,3,0,31,11.6645,0,0,4
"456",26,6,0,32,9.7288,0,0,5
"457",28,3,0,31,8.4314,0,0,4
"458",31,0,0,31,12.2941,0,0,4
"459",30,0,0,30,7.2538,0,0,3
"460",20,0,0,20,8.8533,0,1,2
"461",15,0,0,15,7.1099,0,1,2
"462",9,0,0,9,3.79,0,1,1
"463",31,0,0,31,11.97,0,0,4
"464",28,3,0,31,10.1625,0,0,5
"465",29,3,0,32,9.7946,0,0,5
"466",30,0,0,30,8.0659,0,0,4
"467",32,0,0,32,7.5808,0,0,4
"468",32,0,0,32,7.7087,0,0,3
"469",32,0,0,32,10.4153,0,0,4
"470",29,3,0,32,9.5522,0,0,5
"471",28,3,0,31,7.5375,0,0,5
"472",29,3,0,32,7.8613,0,0,3
"473",30,0,0,30,6.3922,0,0,4
"474",29,3,0,32,12.3755,0,0,5
"475",29,3,0,32,10.101,0,0,5
"476",32,0,0,32,8.6269,0,0,4
"477",30,0,0,30,11.4527,0,0,4
"478",32,0,0,32,7.7842,0,0,4
"479",32,0,0,32,10.7431,0,0,2
"480",32,0,0,32,12.5386,0,0,4
"481",32,0,0,32,10.565,0,0,3
"482",32,0,0,32,8.7854,0,0,4
"483",29,3,0,32,8.6949,0,0,5
"484",24,5,3,32,10.1187,0,0,6
"485",32,0,0,32,10.6118,0,0,4
"486",30,0,0,30,9.8157,0,0,4
"487",32,0,0,32,8.354,0,0,4
"488",26,6,0,32,8.4013,0,0,5
"489",32,0,0,32,8.1955,0,0,4
"490",29,3,0,32,7.5977,0,0,5
"491",29,3,0,32,7.9082,0,0,5
"492",29,3,0,32,7.1036,0,0,5
"493",32,0,0,32,5.8499,0,0,4
"494",32,0,0,32,6.1672,0,0,4
"495",32,0,0,32,7.1899,0,0,4
"496",32,0,0,32,7.6808,0,0,4
"497",32,0,0,32,6.1035,0,0,3
"498",24,0,0,24,8.9572,0,1,2
"499",15,0,0,15,6.93,0,1,2
"500",32,0,0,32,9.2955,0,0,4
"501",27,3,0,30,9.8666,0,0,5
"502",30,0,0,30,10.8135,0,0,4
"503",32,0,0,32,13.3806,0,0,4
"504",29,3,0,32,10.7487,0,0,5
"505",29,3,0,32,10.1616,0,0,5
"506",29,3,0,32,8.7376,0,0,5
"507",32,0,0,32,8.6349,0,0,4
"508",29,3,0,32,12.4446,0,0,5
"509",29,3,0,32,8.8876,0,0,5
"510",26,6,0,32,9.1804,0,0,5
"511",30,0,0,30,9.5201,0,0,4
"512",32,0,0,32,8.5384,0,0,4
"513",32,0,0,32,6.8761,0,0,4
"514",30,0,0,30,6.1565,0,0,3
"515",31,0,0,31,8.403,0,0,4
"516",32,0,0,32,8.5708,0,0,4
"517",30,0,0,30,9.0681,0,0,4
"518",29,3,0,32,7.8168,0,0,4
"519",23,9,0,32,11.1024,0,0,5
"520",29,3,0,32,9.9875,0,0,4
"521",13,0,0,13,3.1732,1,0,2
"522",25,4,3,32,11.9112,0,0,6
"523",24,3,3,30,11.2138,0,0,6
"524",27,3,0,30,10.6166,0,0,5
"525",32,0,0,32,9.5117,0,0,4
"526",27,0,0,27,10.9542,0,1,4
"527",24,0,0,24,9.34,0,1,3
"528",24,6,0,30,9.4781,0,0,5
"529",32,0,0,32,8.9139,0,0,4
"530",31,0,0,31,8.744,0,0,4
"531",32,0,0,32,7.4551,0,0,4
"532",29,3,0,32,7.5813,0,0,5
"533",24,0,0,24,8.1982,0,1,3
"534",29,3,0,32,9.9549,0,0,5
"535",29,3,0,32,8.2202,0,0,5
"536",29,3,0,32,9.0666,0,0,5
"537",29,3,0,32,10.6955,0,0,5
"538",27,3,0,30,9.7085,0,0,5
"539",29,3,0,32,9.9206,0,0,5
"540",29,3,0,32,7.4909,0,0,5
"541",31,0,0,31,9.3415,0,0,3
"542",29,3,0,32,9.5884,0,0,4
"543",32,0,0,32,8.5691,0,0,3
"544",29,3,0,32,11.529,0,0,4
"545",30,0,0,30,9.7785,0,0,4
"546",29,3,0,32,8.3142,0,0,5
"547",29,3,0,32,7.1294,0,0,5
"548",30,0,0,30,6.0612,0,0,4
"549",28,0,0,28,9.4203,0,1,3
"550",29,3,0,32,7.9521,0,0,4
"551",28,0,0,28,11.844,0,1,4
"552",30,0,0,30,10.0157,0,0,4
"553",27,0,0,27,9.0533,0,1,3
"554",32,0,0,32,9.6902,0,0,3
"555",29,3,0,32,8.9038,0,0,4
"556",27,0,0,27,8.9414,0,1,3
"557",30,0,0,30,12.3063,0,0,3
"558",30,0,0,30,11.2189,0,0,2
"559",30,0,0,30,9.023,0,0,3
"560",27,0,0,27,9.657,0,1,3
"561",24,0,0,24,7.9921,0,1,3
"562",29,3,0,32,8.8623,0,0,5
"563",28,3,0,31,8.1547,0,0,5
"564",29,3,0,32,8.4755,0,0,5
"565",31,0,0,31,8.7615,0,0,4
"566",31,0,0,31,7.9404,0,0,4
"567",30,0,0,30,12.412,0,0,4
"568",30,0,0,30,6.7817,0,0,3
"569",28,3,0,31,10.2164,0,0,4
"570",32,0,0,32,7.9045,0,0,4
"571",29,3,0,32,10.2646,0,0,5
"572",32,0,0,32,7.3916,0,0,4
"573",29,3,0,32,8.8877,0,0,5
"574",30,0,0,30,5.8098,0,0,3
"575",32,0,0,32,7.1076,0,0,4
"576",29,3,0,32,8.6682,0,0,5
"577",29,3,0,32,9.957,0,0,5
"578",27,3,0,30,13.2243,0,0,5
"579",29,3,0,32,7.0878,0,0,5
"580",24,0,0,24,10.1161,0,1,4
"581",30,0,0,30,9.6676,0,0,4
"582",30,0,0,30,10.1289,0,0,4
"583",30,0,0,30,6.8388,0,0,3
"584",31,0,0,31,7.981,0,0,4
"585",29,3,0,32,6.944,0,0,5
"586",29,3,0,32,10.7184,0,0,4
"587",28,3,0,31,9.1963,0,0,4
"588",32,0,0,32,8.264,0,0,4
"589",29,3,0,32,10.3239,0,0,5
"590",29,3,0,32,10.0805,0,0,5
"591",29,3,0,32,10.0697,0,0,5
"592",32,0,0,32,9.7509,0,0,4
"593",30,0,0,30,8.8192,0,0,4
"594",30,0,0,30,6.3236,0,0,3
"595",27,0,0,27,9.0918,0,1,4
"596",15,0,0,15,7.4289,0,1,3
"597",30,0,0,30,10.2522,0,0,4
"598",28,3,0,31,10.064,0,0,5
"599",29,3,0,32,9.4698,0,0,5
"600",32,0,0,32,9.0272,0,0,3
"601",32,0,0,32,7.1155,0,0,3
"602",30,0,0,30,11.7999,0,0,4
"603",25,4,3,32,9.2833,0,0,6
"604",29,3,0,32,7.7961,0,0,5
"605",30,0,0,30,5.5996,0,0,4
"606",32,0,0,32,7.5649,0,0,4
"607",27,3,0,30,8.0602,0,0,4
"608",29,3,0,32,7.0863,0,0,5
"609",30,0,0,30,11.3641,0,0,3
"610",21,0,0,21,9.1255,0,1,2
"611",29,3,0,32,10.3721,0,0,5
"612",29,3,0,32,8.9132,0,0,5
"613",32,0,0,32,9.5988,0,0,4
"614",30,0,0,30,9.0046,0,0,4
"615",29,3,0,32,10.2146,0,0,5
"616",29,3,0,32,8.5344,0,0,5
"617",25,4,3,32,8.955,0,0,6
"618",27,3,0,30,7.649,0,0,5
"619",24,0,0,24,6.4874,0,1,3
"620",32,0,0,32,8.4163,0,0,4
"621",30,0,0,30,5.8452,0,0,3
"622",32,0,0,32,7.54,0,0,4
"623",24,6,0,30,10.102,0,0,4
"624",27,3,0,30,9.9613,0,0,5
"625",32,0,0,32,9.4031,0,0,4
"626",32,0,0,32,12.2407,0,0,4
"627",29,3,0,32,13.6731,0,0,5
"628",29,3,0,32,12.6257,0,0,5
"629",26,6,0,32,13.0074,0,0,5
"630",28,3,0,31,10.6205,0,0,5
"631",28,3,0,31,11.2083,0,0,5
"632",26,0,0,26,7.9444,0,1,4
"633",29,3,0,32,8.8582,0,0,5
"634",24,6,0,30,8.773,0,0,5
"635",27,0,0,27,7.7382,0,1,4
"636",24,0,0,24,8.98,0,1,3
"637",29,3,0,32,10.4696,0,0,4
"638",28,3,0,31,9.7983,0,0,4
"639",32,0,0,32,8.7971,0,0,4
"640",30,0,0,30,5.8538,0,0,4
"641",32,0,0,32,7.7496,0,0,4
"642",32,0,0,32,10.5238,0,0,4
"643",29,3,0,32,11.5503,0,0,5
"644",29,3,0,32,8.0442,0,0,4
"645",32,0,0,32,7.6118,0,0,4
"646",26,3,3,32,10.1853,0,0,6
"647",31,0,0,31,8.0838,0,0,4
"648",29,3,0,32,7.6856,0,0,5
"649",31,0,0,31,11.0242,0,0,4
"650",28,3,0,31,11.0304,0,0,4
"651",31,0,0,31,10.8282,0,0,3
"652",30,0,0,30,11.0836,0,0,3
"653",29,3,0,32,7.3676,0,0,4
"654",32,0,0,32,11.6196,0,0,4
"655",32,0,0,32,8.73,0,0,4
"656",32,0,0,32,8.632,0,0,4
"657",30,0,0,30,8.8312,0,0,3
"658",32,0,0,32,6.9047,0,0,4
"659",29,3,0,32,9.293,0,0,4
"660",32,0,0,32,6.7373,0,0,4
"661",31,0,0,31,10.5619,0,0,3
"662",31,0,0,31,10.6923,0,0,3
"663",27,3,0,30,10.0586,0,0,5
"664",29,3,0,32,10.1915,0,0,5
"665",29,3,0,32,8.9691,0,0,4
"666",29,3,0,32,8.1562,0,0,4
"667",32,0,0,32,8.0365,0,0,3
"668",29,3,0,32,7.7286,0,0,5
"669",30,0,0,30,8.0555,0,0,3
"670",31,0,0,31,9.3982,0,0,4
"671",29,3,0,32,7.8762,0,0,5
"672",29,3,0,32,9.4873,0,0,5
"673",29,3,0,32,7.5019,0,0,5
"674",27,3,0,30,8.5939,0,0,5
"675",25,6,0,31,12.3221,0,0,5
"676",29,3,0,32,10.5584,0,0,5
"677",32,0,0,32,8.9645,0,0,3
"678",32,0,0,32,10.6287,0,0,4
"679",32,0,0,32,9.7508,0,0,4
"680",26,6,0,32,8.5873,0,0,5
"681",31,0,0,31,7.6377,0,0,3
"682",25,4,3,32,10.3487,0,0,6
"683",29,3,0,32,7.6494,0,0,5
"684",26,6,0,32,9.3692,0,0,5
"685",28,3,0,31,9.2825,0,0,4
"686",20,0,0,20,7.8044,0,1,3
"687",27,0,0,27,11.3081,0,1,3
"688",30,0,0,30,7.9792,0,0,3
"689",27,3,0,30,9.6906,0,0,5
"690",29,3,0,32,11.1004,0,0,4
"691",28,3,0,31,10.6628,0,0,4
"692",32,0,0,32,11.6921,0,0,4
"693",29,0,0,29,10.3608,0,1,4
"694",26,0,0,26,9.5376,0,1,4
"695",23,0,0,23,7.8427,0,1,3
"696",26,6,0,32,11.032,0,0,5
"697",26,6,0,32,10.0077,0,0,5
"698",32,0,0,32,8.8231,0,0,4
"699",32,0,0,32,8.9898,0,0,4
"700",29,3,0,32,9.1706,0,0,5
"701",29,3,0,32,8.7159,0,0,5
"702",30,0,0,30,13.1433,0,0,4
"703",30,0,0,30,12.3991,0,0,3
"704",30,0,0,30,10.9979,0,0,3
"705",32,0,0,32,10.0427,0,0,3
"706",29,3,0,32,8.7511,0,0,4
"707",26,0,0,26,6.9133,0,1,2
"708",26,6,0,32,9.3671,0,0,5
"709",32,0,0,32,9.4806,0,0,4
"710",9,0,0,9,4.1016,0,1,1
"711",32,0,0,32,9.5813,0,0,4
"712",32,0,0,32,8.229,0,0,4
"713",32,0,0,32,10.0625,0,0,4
"714",32,0,0,32,9.8657,0,0,4
"715",22,7,3,32,11.5212,0,0,6
"716",32,0,0,32,10.281,0,0,4
"717",32,0,0,32,9.6482,0,0,4
"718",31,0,0,31,7.4389,0,0,4
"719",21,8,3,32,12.1388,0,0,6
"720",32,0,0,32,7.5296,0,0,4
"721",27,3,0,30,9.4286,0,0,5
"722",29,3,0,32,7.8721,0,0,5
"723",30,0,0,30,8.1992,0,0,4
"724",30,0,0,30,9.6409,0,0,3
"725",32,0,0,32,8.4849,0,0,4
"726",30,0,0,30,9.28,0,0,4
"727",29,3,0,32,10.4021,0,0,5
"728",31,0,0,31,9.6494,0,0,4
"729",30,0,0,30,6.3846,0,0,4
"730",30,0,0,30,8.2802,0,0,4
"731",32,0,0,32,11.4412,0,0,4
"732",29,3,0,32,12.9722,0,0,5
"733",29,3,0,32,9.3821,0,0,5
"734",25,6,0,31,9.3535,0,0,5
"735",17,9,6,32,10.9851,0,0,6
"736",26,6,0,32,9.4856,0,0,5
"737",29,3,0,32,8.3943,0,0,5
"738",30,0,0,30,6.014,0,0,4
"739",29,3,0,32,10.443,0,0,4
"740",25,3,0,28,9.0653,0,1,3
"741",31,0,0,31,7.5828,0,0,3
"742",18,0,0,18,5.6271,0,1,3
"743",18,0,0,18,7.6646,0,1,3
"744",15,0,0,15,6.5477,0,1,3
"745",30,0,0,30,10.595,0,0,4
"746",30,0,0,30,10.4771,0,0,4
"747",30,0,0,30,9.7152,0,0,3
"748",32,0,0,32,7.4828,0,0,4
"749",20,0,0,20,5.3305,0,1,3
"750",29,3,0,32,7.4575,0,0,4
"751",32,0,0,32,7.7166,0,0,3
"752",32,0,0,32,8.3888,0,0,3
"753",26,6,0,32,10.2638,0,0,5
"754",32,0,0,32,8.6755,0,0,4
"755",26,6,0,32,9.6525,0,0,5
"756",31,0,0,31,7.4628,0,0,4
"757",30,0,0,30,10.4303,0,0,4
"758",30,0,0,30,9.2528,0,0,3
"759",31,0,0,31,6.992,0,0,4
"760",32,0,0,32,6.6564,0,0,4
"761",30,0,0,30,10.5328,0,0,4
"762",30,0,0,30,9.7003,0,0,2
"763",32,0,0,32,10.2363,0,0,4
"764",32,0,0,32,9.3428,0,0,4
"765",30,0,0,30,7.9138,0,0,3
"766",32,0,0,32,10.7439,0,0,4
"767",30,0,0,30,8.6742,0,0,3
"768",31,0,0,31,7.9304,0,0,4
"769",21,7,3,31,10.1085,0,0,5
"770",29,3,0,32,11.3238,0,0,5
"771",31,0,0,31,9.5227,0,0,4
"772",24,5,3,32,8.1194,0,0,6
"773",29,3,0,32,7.4973,0,0,5
"774",29,3,0,32,7.6427,0,0,5
"775",32,0,0,32,5.7157,0,0,4
"776",32,0,0,32,11.1183,0,0,4
"777",26,6,0,32,9.0418,0,0,4
"778",31,0,0,31,7.8018,0,0,4
"779",29,3,0,32,11.55,0,0,5
"780",28,3,0,31,9.7754,0,0,5
"781",26,6,0,32,11.0989,0,0,5
"782",28,3,0,31,9.6117,0,0,5
"783",29,3,0,32,7.5662,0,0,5
"784",21,8,3,32,8.7218,0,0,5
"785",29,3,0,32,7.7503,0,0,5
"786",32,0,0,32,7.9021,0,0,4
"787",32,0,0,32,9.1755,0,0,4
"788",28,3,0,31,7.5085,0,0,5
"789",26,6,0,32,7.993,0,0,5
"790",30,0,0,30,8.6096,0,0,4
"791",32,0,0,32,8.6991,0,0,4
"792",32,0,0,32,8.1857,0,0,4
"793",32,0,0,32,10.5045,0,0,4
"794",32,0,0,32,8.6325,0,0,4
"795",21,8,3,32,9.9279,0,0,6
"796",26,6,0,32,8.4216,0,0,5
"797",29,3,0,32,9.1486,0,0,5
"798",30,0,0,30,8.1882,0,0,4
"799",32,0,0,32,7.3535,0,0,4
"800",30,0,0,30,9.9554,0,0,3
"801",27,0,0,27,9.8884,0,1,4
"802",32,0,0,32,9.0457,0,0,4
"803",31,0,0,31,7.1331,0,0,4
"804",32,0,0,32,9.0149,0,0,4
"805",32,0,0,32,7.4353,0,0,4
"806",30,0,0,30,9.4271,0,0,4
"807",12,0,0,12,5.3112,0,1,2
"808",29,3,0,32,9.1457,0,0,5
"809",29,3,0,32,8.8807,0,0,5
"810",29,3,0,32,8.1849,0,0,5
"811",26,6,0,32,14.3169,0,0,5
"812",29,3,0,32,14.0615,0,0,5
"813",30,0,0,30,12.3763,0,0,4
"814",21,9,0,30,10.9086,0,0,5
"815",23,9,0,32,9.6299,0,0,5
"816",29,3,0,32,8.8967,0,0,5
"817",27,3,0,30,7.4987,0,0,5
"818",32,0,0,32,9.653,0,0,4
"819",32,0,0,32,6.9864,0,0,4
"820",29,3,0,32,7.8464,0,0,5
"821",30,0,0,30,6.3571,0,0,4
"822",32,0,0,32,8.3001,0,0,4
"823",30,0,0,30,10.1099,0,0,4
"824",30,0,0,30,9.0595,0,0,3
"825",24,0,0,24,8.4265,0,1,3
"826",21,8,3,32,10.9504,0,0,6
"827",29,3,0,32,10.3037,0,0,5
"828",29,3,0,32,8.176,0,0,5
"829",21,8,3,32,11.7761,0,0,6
"830",25,4,3,32,9.7933,0,0,6
"831",29,3,0,32,9.0964,0,0,5
"832",29,3,0,32,8.6355,0,0,5
"833",27,0,0,27,9.3748,0,1,3
"834",27,0,0,27,11.0822,0,1,3
"835",27,0,0,27,8.6337,0,1,3
"836",30,0,0,30,7.2454,0,0,4
"837",29,3,0,32,10.2872,0,0,5
"838",28,3,0,31,9.5242,0,0,5
"839",26,6,0,32,8.6593,0,0,5
"840",29,3,0,32,7.4601,0,0,5
"841",24,0,0,24,6.74,0,1,3
"842",32,0,0,32,7.9055,0,0,3
"843",24,0,0,24,8.7421,0,1,3
"844",32,0,0,32,10.6369,0,0,4
"845",30,0,0,30,9.6575,0,0,4
"846",30,0,0,30,8.4684,0,0,3
"847",30,0,0,30,6.373,0,0,3
"848",32,0,0,32,8.4044,0,0,4
"849",15,0,0,15,6.0189,0,1,3
"850",32,0,0,32,9.7913,0,0,4
"851",30,0,0,30,7.3747,0,0,3
"852",29,3,0,32,8.8297,0,0,5
"853",30,0,0,30,10.8656,0,0,3
"854",30,0,0,30,9.1891,0,0,3
"855",30,0,0,30,9.6877,0,0,2
"856",32,0,0,32,9.0904,0,0,3
"857",32,0,0,32,7.0324,0,0,2
"858",30,0,0,30,10.0531,0,0,3
"859",21,3,0,24,11.2505,0,1,4
"860",24,0,0,24,10.7253,0,1,3
"861",27,0,0,27,12.2453,0,1,3
"862",27,0,0,27,8.8693,0,1,3
"863",21,7,3,31,8.5841,0,0,5
"864",21,9,0,30,10.1371,0,0,5
"865",27,0,0,27,8.6451,0,1,4
"866",24,0,0,24,7.0592,0,1,3
"867",27,0,0,27,9.4454,0,1,3
"868",32,0,0,32,10.2443,0,0,4
"869",30,0,0,30,7.4922,0,0,4
"870",12,12,6,30,11.7338,0,0,5
"871",25,6,0,31,11.8202,0,0,4
"872",29,3,0,32,11.3661,0,0,4
"873",32,0,0,32,10.7191,0,0,3
"874",30,0,0,30,9.2729,0,0,3
"875",29,3,0,32,8.7405,0,0,4
"876",30,0,0,30,8.1015,0,0,3
"877",32,0,0,32,7.9577,0,0,4
"878",30,0,0,30,9.9438,0,0,4
"879",29,3,0,32,11.5249,0,0,5
"880",29,3,0,32,11.2387,0,0,5
"881",29,3,0,32,10.2795,0,0,5
"882",29,3,0,32,8.9919,0,0,5
"883",29,3,0,32,8.3343,0,0,5
"884",32,0,0,32,9.1634,0,0,4
"885",15,0,0,15,6.2871,0,1,2
"886",24,0,0,24,8.4012,0,1,3
"887",26,0,0,26,7.6751,0,1,3
"888",9,0,0,9,3.6175,0,1,1
"889",30,0,0,30,10.7153,0,0,4
"890",29,3,0,32,8.4386,0,0,5
"891",27,3,0,30,7.5971,0,0,5
"892",29,3,0,32,8.5188,0,0,4
"893",32,0,0,32,8.7107,0,0,4
"894",21,9,0,30,9.4927,0,0,5
"895",23,9,0,32,8.5756,0,0,5
"896",29,3,0,32,10.579,0,0,5
"897",29,3,0,32,9.529,0,0,5
"898",32,0,0,32,7.4553,0,0,4
"899",27,3,0,30,11.2083,0,0,4
"900",30,0,0,30,9.3703,0,0,3
"901",24,0,0,24,8.1739,0,1,3
"902",27,0,0,27,7.7659,0,1,3
"903",24,6,0,30,10.3442,0,0,4
"904",28,0,0,28,10.1481,0,1,3
"905",30,0,0,30,8.6911,0,0,3
"906",32,0,0,32,12.7144,0,0,4
"907",32,0,0,32,12.6725,0,0,4
"908",32,0,0,32,11.7159,0,0,4
"909",32,0,0,32,11.3194,0,0,4
"910",30,0,0,30,8.492,0,0,4
"911",32,0,0,32,7.693,0,0,3
"912",26,6,0,32,11.6678,0,0,4
"913",32,0,0,32,9.3062,0,0,3
"914",29,3,0,32,10.6294,0,0,5
"915",26,6,0,32,10.3029,0,0,5
"916",29,3,0,32,8.0227,0,0,5
"917",29,3,0,32,8.9253,0,0,5
"918",28,3,0,31,9.1265,0,0,4
"919",26,6,0,32,8.0868,0,0,5
"920",24,0,0,24,7.6586,0,1,3
"921",21,0,0,21,6.487,0,1,2
"922",31,0,0,31,7.2197,0,0,4
"923",29,3,0,32,8.2586,0,0,5
"924",29,3,0,32,6.2984,0,0,5
"925",31,0,0,31,8.8656,0,0,4
"926",32,0,0,32,8.4313,0,0,4
"927",32,0,0,32,7.0778,0,0,4
"928",24,0,0,24,7.4248,0,1,3
"929",32,0,0,32,8.5024,0,0,3
"930",32,0,0,32,10.4551,0,0,4
"931",32,0,0,32,10.226,0,0,4
"932",32,0,0,32,9.4803,0,0,3
"933",24,0,0,24,8.0664,0,1,3
"934",32,0,0,32,7.5852,0,0,3
"935",32,0,0,32,9.0707,0,0,4
"936",30,0,0,30,7.0011,0,0,3
"937",30,0,0,30,10.0453,0,0,4
"938",29,3,0,32,9.7333,0,0,5
"939",31,0,0,31,11.8454,0,0,4
"940",32,0,0,32,12.3202,0,0,4
"941",29,3,0,32,9.2384,0,0,5
"942",30,0,0,30,8.2159,0,0,4
"943",29,3,0,32,7.7551,0,0,5
"944",29,3,0,32,9.7185,0,0,5
"945",29,3,0,32,6.7982,0,0,5
"946",30,0,0,30,8.06,0,0,4
"947",30,0,0,30,8.4757,0,0,4
"948",32,0,0,32,6.1631,0,0,4
"949",32,0,0,32,9.216,0,0,4
"950",31,0,0,31,9.4762,0,0,4
"951",30,0,0,30,8.5858,0,0,3
"952",30,0,0,30,7.8072,0,0,4
"953",32,0,0,32,6.7415,0,0,4
"954",26,6,0,32,10.5022,0,0,5
"955",29,3,0,32,10.6194,0,0,5
"956",32,0,0,32,8.3049,0,0,4
"957",32,0,0,32,7.8166,0,0,4
"958",30,0,0,30,8.7981,0,0,2
"959",21,8,3,32,11.016,0,0,5
"960",25,4,3,32,9.3669,0,0,5
"961",29,3,0,32,9.2918,0,0,5
"962",29,3,0,32,7.8938,0,0,5
"963",29,3,0,32,11.5135,0,0,4
"964",30,0,0,30,10.1511,0,0,3
"965",30,0,0,30,8.8061,0,0,3
"966",30,0,0,30,7.9222,0,0,3
"967",24,0,0,24,8.8938,0,1,2
"968",29,3,0,32,8.0995,0,0,5
"969",29,3,0,32,7.2538,0,0,5
"970",31,0,0,31,11.7028,0,0,2
"971",30,0,0,30,11.8596,0,0,3
"972",24,0,0,24,7.5609,0,1,3
"973",24,0,0,24,6.6963,0,1,3
"974",21,0,0,21,7.714,0,1,2
"975",31,0,0,31,10.595,0,0,3
"976",26,6,0,32,13.5799,0,0,5
"977",32,0,0,32,11.7415,0,0,4
"978",32,0,0,32,11.5862,0,0,4
"979",32,0,0,32,10.1067,0,0,4
"980",27,0,0,27,9.0737,0,1,3
"981",32,0,0,32,9.1152,0,0,4
"982",30,0,0,30,9.0848,0,0,3
"983",29,3,0,32,7.8241,0,0,4
"984",30,0,0,30,6.2587,0,0,3
"985",32,0,0,32,9.4851,0,0,2
"986",29,3,0,32,7.826,0,0,4
"987",31,0,0,31,7.2686,0,0,2
"988",18,0,0,18,8.0756,0,1,3
"989",15,0,0,15,6.7873,0,1,2
"990",30,0,0,30,12.0739,0,0,3
"991",15,0,0,15,6.5882,0,1,3
"992",30,0,0,30,10.4745,0,0,4
"993",9,0,0,9,4.1285,0,1,1
"994",31,0,0,31,9.7085,0,0,2
"995",32,0,0,32,9.2915,0,0,4
"996",32,0,0,32,11.2694,0,0,3
"997",32,0,0,32,10.5593,0,0,3
"998",32,0,0,32,9.3631,0,0,4
"999",30,0,0,30,10.965,0,0,4
"1000",30,0,0,30,9.5895,0,0,4
