"","N_under_dosing","N_MTD","N_over_dosing","Pts","Length","Safety_stop","Sufficient_info","MTD"
"1",9,0,0,9,4.5727,0,1,1
"2",9,12,9,30,11.3799,0,0,3
"3",6,12,14,32,11.3666,0,0,3
"4",3,12,15,30,10.434,0,0,3
"5",3,15,14,32,8.8071,0,0,3
"6",8,7,15,30,6.6427,0,0,4
"7",17,15,0,32,14.0644,0,0,2
"8",12,12,6,30,6.9342,0,0,3
"9",18,12,0,30,12.6515,0,0,2
"10",11,13,6,30,11.5417,0,0,1
"11",9,6,0,15,6.4359,0,1,1
"12",9,3,0,12,5.3598,0,1,1
"13",9,0,0,9,4.0968,0,1,1
"14",14,14,3,31,12.1573,0,0,2
"15",3,12,9,24,9.3492,0,1,3
"16",9,0,0,9,4.5361,0,1,1
"17",15,6,0,21,5.978,0,1,2
"18",6,9,0,15,7.5203,0,1,2
"19",3,9,0,12,5.8026,0,1,2
"20",15,12,0,27,8.3769,0,1,2
"21",15,6,0,21,6.0107,0,1,1
"22",21,9,0,30,11.3833,0,0,2
"23",9,0,0,9,4.3645,0,1,1
"24",9,0,0,9,4.3162,0,1,1
"25",13,15,3,31,9.0732,0,0,2
"26",12,12,6,30,9.8263,0,0,3
"27",18,12,0,30,11.8945,0,0,1
"28",19,12,0,31,11.362,0,0,1
"29",3,9,3,15,5.8639,0,1,2
"30",9,3,0,12,4.5244,0,1,1
"31",3,15,3,21,6.0512,0,1,2
"32",9,0,0,9,3.499,0,1,1
"33",16,6,0,22,8.8646,0,1,1
"34",13,6,0,19,6.954,0,1,1
"35",9,0,0,9,3.6375,0,1,1
"36",9,0,0,9,3.3925,0,1,1
"37",9,0,0,9,5.1967,1,0,0
"38",15,6,0,21,9.7855,0,1,1
"39",13,12,7,32,10.2451,0,0,3
"40",12,12,6,30,7.2139,0,0,2
"41",18,12,0,30,10.2501,0,0,2
"42",9,6,0,15,7.0065,0,1,1
"43",12,3,0,15,3.7029,0,1,1
"44",12,12,6,30,7.0851,0,0,2
"45",9,0,0,9,3.7986,0,1,1
"46",6,9,0,15,7.2056,0,1,2
"47",3,15,12,30,11.1481,0,0,3
"48",3,14,3,20,6.6108,0,1,3
"49",12,11,3,26,6.2489,0,1,3
"50",3,15,9,27,11.9575,0,1,2
"51",3,18,9,30,10.8389,0,0,2
"52",9,0,0,9,3.7558,0,1,1
"53",3,15,3,21,7.4685,0,1,2
"54",12,12,3,27,6.8969,0,1,2
"55",10,9,0,19,6.3423,0,1,2
"56",9,0,0,9,3.5184,0,1,1
"57",12,14,6,32,11.6872,0,0,3
"58",15,10,6,31,8.4932,0,0,1
"59",3,12,17,32,10.7765,0,0,2
"60",9,0,0,9,4.4229,0,1,1
"61",3,12,3,18,7.193,0,1,3
"62",12,9,0,21,7.8609,0,1,2
"63",15,3,0,18,6.5702,0,1,1
"64",9,6,0,15,6.3147,0,1,1
"65",15,14,3,32,12.3696,0,0,2
"66",3,15,14,32,10.4724,0,0,3
"67",9,0,0,9,4.1355,0,1,1
"68",9,0,0,9,3.5366,0,1,1
"69",12,11,3,26,8.0272,0,1,2
"70",3,20,9,32,9.9844,0,0,2
"71",12,9,0,21,6.3081,0,1,2
"72",6,13,3,22,6.8288,0,1,2
"73",15,12,0,27,11.2546,0,1,2
"74",9,0,0,9,3.6411,0,1,1
"75",6,17,9,32,10.3268,0,0,2
"76",12,15,3,30,9.5103,0,0,2
"77",6,15,3,24,8.0798,0,1,2
"78",6,14,3,23,6.4038,0,1,2
"79",15,3,0,18,5.6689,0,1,1
"80",21,9,0,30,8.7745,0,0,2
"81",6,0,0,6,2.7638,1,0,0
"82",9,0,0,9,3.5401,1,0,0
"83",11,3,0,14,3.9348,0,1,1
"84",15,6,0,21,6.7418,0,1,1
"85",12,17,3,32,10.2621,0,0,2
"86",15,14,3,32,8.2079,0,0,2
"87",18,9,0,27,8.6269,0,1,1
"88",15,6,0,21,8.2429,0,1,1
"89",9,0,0,9,4.8316,0,1,1
"90",20,9,0,29,11.1712,0,1,1
"91",18,9,0,27,9.3319,0,1,1
"92",9,0,0,9,3.886,0,1,1
"93",15,9,0,24,6.7704,0,1,1
"94",15,9,0,24,8.7308,0,1,1
"95",15,6,0,21,7.2355,0,1,1
"96",9,0,0,9,3.8034,0,1,1
"97",12,12,6,30,9.2748,0,0,3
"98",21,9,0,30,10.0881,0,0,1
"99",9,0,0,9,4.1868,0,1,1
"100",13,3,0,16,3.642,0,1,1
"101",3,11,3,17,6.5706,0,1,2
"102",21,9,0,30,10.7569,0,0,2
"103",21,9,0,30,8.8411,0,0,2
"104",12,13,6,31,8.222,0,0,2
"105",12,12,6,30,6.8065,0,0,3
"106",12,15,3,30,9.7643,0,0,2
"107",6,9,0,15,6.952,0,1,2
"108",9,0,0,9,3.6614,0,1,1
"109",12,12,6,30,8.5762,0,0,3
"110",15,13,3,31,7.4966,0,0,2
"111",3,15,14,32,9.6858,0,0,2
"112",10,14,3,27,13.31,0,1,2
"113",15,11,3,29,10.6193,0,1,2
"114",15,6,0,21,5.69,0,1,1
"115",9,0,0,9,3.8134,0,1,1
"116",12,12,6,30,8.4594,0,0,3
"117",3,12,9,24,7.212,0,1,3
"118",3,9,0,12,5.6937,0,1,2
"119",3,9,0,12,5.7044,0,1,2
"120",12,12,6,30,9.3755,0,0,3
"121",3,16,12,31,10.2228,0,0,2
"122",12,12,6,30,10.4066,0,0,2
"123",12,10,3,25,8.8637,0,1,2
"124",11,10,3,24,7.295,1,0,2
"125",9,9,3,21,6.8342,0,1,1
"126",12,9,0,21,8.5789,0,1,2
"127",12,12,6,30,6.7295,0,0,3
"128",3,0,0,3,0.8969,1,0,0
"129",16,11,3,30,7.8395,0,0,2
"130",8,3,0,11,3.3997,1,0,1
"131",9,0,0,9,3.8579,0,1,1
"132",12,12,6,30,10.025,0,0,3
"133",12,12,6,30,8.4145,0,0,3
"134",12,12,6,30,7.5032,0,0,3
"135",3,9,0,12,6.3907,0,1,2
"136",3,18,9,30,12.8271,0,0,2
"137",12,9,0,21,9.6067,0,1,2
"138",12,9,0,21,8.6327,0,1,2
"139",12,9,0,21,6.927,0,1,2
"140",15,15,0,30,11.0149,0,0,2
"141",12,15,3,30,8.2675,0,0,2
"142",21,9,0,30,11.6871,0,0,2
"143",21,9,0,30,10.4697,0,0,2
"144",9,3,0,12,5.6092,0,1,1
"145",9,0,0,9,4.0078,0,1,1
"146",15,9,0,24,9.6083,0,1,2
"147",12,15,3,30,11.0394,0,0,2
"148",12,15,3,30,10.0376,0,0,1
"149",15,6,0,21,7.5399,0,1,1
"150",15,12,0,27,10.287,0,1,1
"151",18,12,0,30,10.4856,0,0,1
"152",9,0,0,9,4.4197,0,1,1
"153",9,0,0,9,4.3871,0,1,1
"154",11,3,0,14,4.0126,0,1,1
"155",18,12,0,30,8.9028,0,0,2
"156",12,9,0,21,7.5496,0,1,2
"157",12,9,0,21,5.9783,0,1,2
"158",11,6,0,17,6.8157,0,1,1
"159",3,14,6,23,8.0248,0,1,2
"160",9,0,0,9,4.797,0,1,1
"161",11,9,3,23,6.4395,1,0,2
"162",3,11,3,17,7.4342,0,1,2
"163",9,0,0,9,3.9198,0,1,1
"164",15,11,6,32,10.1274,0,0,2
"165",6,15,9,30,9.2146,0,0,2
"166",11,12,9,32,7.2052,0,0,3
"167",3,12,9,24,10.6458,0,1,3
"168",12,9,0,21,8.2889,0,1,2
"169",12,9,0,21,5.3058,0,1,2
"170",10,9,0,19,8.4476,0,1,2
"171",12,12,6,30,8.3158,0,0,2
"172",9,0,0,9,4.4258,0,1,1
"173",15,3,0,18,6.1647,0,1,1
"174",3,12,3,18,4.5233,0,1,2
"175",9,0,0,9,3.8867,0,1,1
"176",12,12,3,27,8.8604,0,1,2
"177",3,0,0,3,0.5225,1,0,0
"178",3,12,17,32,7.8966,0,0,3
"179",21,9,0,30,10.7494,0,0,2
"180",6,0,0,6,3.2175,1,0,0
"181",12,12,6,30,10.0687,0,0,2
"182",18,12,0,30,13.1996,0,0,2
"183",18,12,0,30,12.0439,0,0,2
"184",18,12,0,30,10.6294,0,0,2
"185",9,0,0,9,3.8529,0,1,1
"186",12,12,6,30,7.8236,0,0,3
"187",11,15,6,32,6.8989,0,0,3
"188",12,15,3,30,6.1898,0,0,3
"189",18,9,0,27,10.5301,0,1,1
"190",12,15,3,30,8.6957,0,0,2
"191",9,0,0,9,4.4844,0,1,1
"192",12,3,0,15,4.497,0,1,1
"193",3,11,18,32,7.6377,0,0,4
"194",12,8,12,32,10.778,0,0,4
"195",10,10,12,32,7.4997,0,0,3
"196",3,9,20,32,8.5135,0,0,3
"197",9,11,12,32,7.7013,0,0,3
"198",14,15,0,29,11.5042,0,1,2
"199",18,12,0,30,8.955,0,0,2
"200",15,11,6,32,7.9159,0,0,2
"201",9,0,0,9,4.1839,0,1,1
"202",10,6,0,16,5.1676,1,0,1
"203",15,12,3,30,10.5513,0,0,2
"204",15,12,3,30,9.5006,0,0,2
"205",3,9,9,21,9.069,0,1,2
"206",3,18,9,30,11.3814,0,0,2
"207",12,12,6,30,9.2525,0,0,3
"208",12,11,9,32,9.3677,0,0,3
"209",18,12,0,30,10.9426,0,0,2
"210",15,12,0,27,9.9981,0,1,2
"211",3,12,3,18,5.8565,0,1,3
"212",3,12,15,30,9.9647,0,0,3
"213",9,0,0,9,3.7976,0,1,1
"214",6,0,0,6,2.6658,1,0,0
"215",8,9,15,32,6.8519,0,0,3
"216",3,12,15,30,11.3188,0,0,3
"217",15,9,8,32,9.3171,0,0,3
"218",3,15,9,27,11.7575,0,1,3
"219",3,15,3,21,7.7217,0,1,2
"220",3,15,6,24,7.1007,0,1,3
"221",3,12,15,30,7.8627,0,0,3
"222",12,12,6,30,6.4,0,0,3
"223",15,9,0,24,9.109,0,1,2
"224",15,6,0,21,5.6511,0,1,1
"225",11,12,8,31,7.5112,0,0,4
"226",12,12,6,30,8.8941,0,0,3
"227",12,12,6,30,7.7321,0,0,3
"228",12,9,0,21,7.7587,0,1,2
"229",12,12,6,30,10.6835,0,0,3
"230",6,3,0,9,3.6739,1,0,1
"231",3,9,0,12,6.1998,0,1,2
"232",3,9,0,12,5.7167,0,1,2
"233",15,9,0,24,7.0014,0,1,1
"234",21,9,0,30,13.596,0,0,2
"235",21,9,0,30,11.6992,0,0,2
"236",3,0,0,3,0.9171,1,0,0
"237",3,15,6,24,6.7768,0,1,3
"238",3,9,0,12,5.4963,0,1,2
"239",12,9,0,21,6.5481,0,1,2
"240",3,12,15,30,9.5844,0,0,3
"241",12,12,6,30,11.3704,0,0,3
"242",12,12,6,30,10.0273,0,0,2
"243",15,3,0,18,7.5727,0,1,1
"244",3,15,3,21,5.5786,0,1,2
"245",18,6,0,24,9.6309,0,1,1
"246",3,15,6,24,7.9154,0,1,2
"247",15,6,0,21,6.8331,0,1,1
"248",15,12,0,27,11.8389,0,1,2
"249",9,0,0,9,3.9939,0,1,1
"250",3,0,0,3,0.8338,1,0,0
"251",12,9,0,21,8.3514,0,1,2
"252",12,9,0,21,6.677,0,1,2
"253",9,0,0,9,3.7308,0,1,1
"254",18,12,0,30,11.4871,0,0,1
"255",3,15,3,21,7.3978,0,1,2
"256",12,14,3,29,7.0185,0,1,2
"257",9,0,0,9,4.2994,0,1,1
"258",6,12,14,32,10.2163,0,0,2
"259",12,12,8,32,9.7571,0,0,2
"260",12,9,11,32,9.6562,0,0,2
"261",10,9,13,32,8.9786,0,0,3
"262",7,9,15,31,7.1511,0,0,3
"263",10,15,3,28,6.0946,0,1,2
"264",12,9,0,21,5.6439,0,1,2
"265",12,9,0,21,7.0061,0,1,1
"266",3,18,9,30,10.2021,0,0,2
"267",12,12,6,30,9.3735,0,0,2
"268",14,10,6,30,8.059,0,0,3
"269",11,3,0,14,5.5031,0,1,1
"270",9,0,0,9,4.9728,0,1,1
"271",9,0,0,9,3.7752,0,1,1
"272",9,0,0,9,3.7725,0,1,1
"273",18,9,0,27,9.9828,0,1,1
"274",3,9,0,12,5.3366,0,1,2
"275",12,9,0,21,6.1389,0,1,2
"276",12,12,6,30,6.3553,0,0,2
"277",3,15,3,21,5.1346,0,1,2
"278",15,6,0,21,8.689,0,1,1
"279",9,0,0,9,3.8603,0,1,1
"280",9,0,0,9,4.1895,0,1,1
"281",12,15,3,30,10.5335,0,0,2
"282",12,12,6,30,8.926,0,0,2
"283",14,3,0,17,6.3091,0,1,2
"284",11,15,3,29,8.5215,0,1,2
"285",3,15,9,27,11.767,0,1,2
"286",9,0,0,9,4.1294,0,1,1
"287",3,15,6,24,7.7549,0,1,2
"288",15,6,0,21,6.7589,0,1,1
"289",11,3,0,14,3.6345,0,1,2
"290",18,12,0,30,10.67,0,0,2
"291",9,0,0,9,4.24,0,1,1
"292",3,0,0,3,0.9792,1,0,0
"293",12,12,6,30,8.1292,0,0,2
"294",13,3,0,16,6.8444,0,1,1
"295",15,14,3,32,8.2459,0,0,2
"296",9,3,0,12,4.7948,0,1,1
"297",9,0,0,9,3.7321,0,1,1
"298",12,12,6,30,9.8975,0,0,2
"299",19,9,0,28,10.5586,0,1,1
"300",12,3,0,15,3.7563,0,1,2
"301",3,13,3,19,6.0758,0,1,2
"302",9,0,0,9,4.2338,0,1,1
"303",18,12,0,30,11.5039,0,0,2
"304",18,12,0,30,10.9105,0,0,2
"305",15,9,0,24,8.4225,0,1,2
"306",3,17,6,26,10.5027,0,1,2
"307",17,6,0,23,8.8618,0,1,1
"308",12,9,0,21,7.2327,0,1,2
"309",12,15,3,30,6.4864,0,0,2
"310",15,14,3,32,7.0563,0,0,2
"311",15,9,0,24,9.6043,0,1,2
"312",3,12,9,24,8.0786,0,1,3
"313",9,3,0,12,6.029,0,1,1
"314",18,12,0,30,11.2308,0,0,2
"315",18,12,0,30,8.8415,0,0,2
"316",18,12,0,30,8.8027,0,0,2
"317",11,12,9,32,8.2434,0,0,4
"318",12,7,13,32,9.5548,0,0,2
"319",12,7,13,32,8.1107,0,0,2
"320",20,12,0,32,12.0409,0,0,1
"321",19,12,0,31,12.8973,0,0,1
"322",12,9,0,21,5.5483,0,1,2
"323",12,9,0,21,5.747,0,1,2
"324",9,0,0,9,4.3549,0,1,1
"325",11,3,0,14,5.0263,0,1,1
"326",14,9,0,23,7.1156,0,1,2
"327",9,0,0,9,4.3889,0,1,1
"328",15,12,3,30,11.3181,0,0,2
"329",3,9,0,12,6.0968,0,1,2
"330",15,6,0,21,8.3439,0,1,1
"331",14,6,0,20,6.4719,0,1,1
"332",15,9,0,24,10.4463,0,1,2
"333",12,9,0,21,9.2719,0,1,2
"334",9,0,0,9,3.8116,0,1,1
"335",12,15,3,30,8.157,0,0,2
"336",12,12,8,32,9.755,0,0,4
"337",15,3,0,18,6.7062,0,1,1
"338",3,9,3,15,5.3286,0,1,2
"339",10,3,0,13,3.9683,0,1,1
"340",15,12,3,30,8.9023,0,0,3
"341",11,8,13,32,7.62,0,0,3
"342",12,15,3,30,8.2539,0,0,2
"343",12,15,3,30,10.0894,0,0,2
"344",12,12,6,30,9.6924,0,0,3
"345",3,14,9,26,9.2074,0,1,3
"346",12,12,8,32,7.0487,0,0,4
"347",14,15,3,32,6.0764,0,0,3
"348",15,9,0,24,10.829,0,1,2
"349",3,15,9,27,10.7212,0,1,3
"350",3,12,17,32,9.4923,0,0,4
"351",12,15,3,30,8.6457,0,0,3
"352",12,15,3,30,7.4038,0,0,3
"353",3,9,0,12,5.5686,0,1,2
"354",3,11,18,32,10.8923,0,0,3
"355",3,11,18,32,8.673,0,0,3
"356",12,9,0,21,8.408,0,1,2
"357",12,9,0,21,7.646,0,1,2
"358",15,9,0,24,7.6974,0,1,2
"359",15,14,3,32,5.3211,0,0,1
"360",3,15,3,21,8.664,0,1,2
"361",6,9,17,32,10.412,0,0,2
"362",18,12,0,30,12.2163,0,0,2
"363",15,15,0,30,10.7675,0,0,2
"364",9,0,0,9,4.2819,1,0,0
"365",9,0,0,9,4.2515,0,1,1
"366",3,9,0,12,6.2113,0,1,2
"367",12,9,0,21,6.4309,0,1,2
"368",3,12,9,24,7.5589,0,1,2
"369",9,0,0,9,3.8357,0,1,1
"370",15,3,0,18,7.329,0,1,2
"371",12,11,3,26,6.4124,0,1,2
"372",18,9,0,27,8.8524,0,1,1
"373",9,0,0,9,3.5887,0,1,1
"374",9,0,0,9,4.0125,0,1,1
"375",12,10,3,25,10.0759,0,1,1
"376",12,10,3,25,8.3168,0,1,1
"377",12,13,6,31,9.7344,0,0,2
"378",12,10,3,25,7.1003,0,1,2
"379",3,9,20,32,7.6406,0,0,3
"380",18,6,0,24,7.5134,0,1,1
"381",9,0,0,9,4.0832,0,1,1
"382",12,12,6,30,6.6728,0,0,3
"383",9,3,0,12,5.9753,0,1,1
"384",9,0,0,9,5.0335,0,1,1
"385",9,0,0,9,4.2161,0,1,1
"386",14,15,3,32,9.5962,0,0,2
"387",9,0,0,9,4.3977,0,1,1
"388",15,6,0,21,7.929,0,1,1
"389",3,20,9,32,11.3181,0,0,3
"390",20,12,0,32,12.5137,0,0,2
"391",12,11,9,32,11.2792,0,0,1
"392",3,9,0,12,6.5797,0,1,2
"393",6,12,14,32,13.6283,0,0,3
"394",12,12,6,30,8.7542,0,0,2
"395",12,10,10,32,11.9136,0,0,4
"396",3,19,9,31,12.5947,0,0,3
"397",12,12,6,30,8.7639,0,0,3
"398",3,12,17,32,9.8043,0,0,4
"399",12,12,6,30,8.926,0,0,3
"400",12,12,6,30,7.2803,0,0,3
"401",9,0,0,9,4.5343,0,1,1
"402",12,12,6,30,8.6165,0,0,2
"403",13,10,3,26,8.0005,0,1,3
"404",3,15,9,27,9.1936,0,1,3
"405",12,13,6,31,8.3613,0,0,2
"406",9,0,0,9,4.3141,1,0,0
"407",18,12,0,30,11.2792,0,0,2
"408",6,0,0,6,2.5002,1,0,0
"409",11,3,0,14,4.4168,0,1,1
"410",12,9,0,21,6.0486,0,1,2
"411",6,0,0,6,2.9656,1,0,0
"412",12,9,0,21,5.2683,0,1,2
"413",15,6,0,21,7.1145,0,1,1
"414",9,0,0,9,3.9152,0,1,1
"415",9,0,0,9,3.7038,0,1,1
"416",12,9,0,21,9.269,0,1,2
"417",12,9,0,21,7.7531,0,1,2
"418",12,11,9,32,11.8797,0,0,3
"419",12,3,0,15,3.6219,0,1,2
"420",12,12,6,30,9.5856,0,0,3
"421",9,0,0,9,4.281,0,1,1
"422",12,12,6,30,6.8321,0,0,2
"423",3,9,0,12,5.3467,0,1,2
"424",9,0,0,9,4.8549,0,1,1
"425",15,12,3,30,9.7494,0,0,2
"426",12,12,8,32,7.3869,0,0,3
"427",12,12,8,32,6.1817,0,0,3
"428",18,9,0,27,8.2205,0,1,1
"429",14,3,0,17,3.7268,0,1,1
"430",9,0,0,9,3.8011,0,1,1
"431",9,0,0,9,3.9156,0,1,1
"432",9,0,0,9,4.6814,0,1,1
"433",12,15,3,30,11.2189,0,0,3
"434",15,12,3,30,9.3338,0,0,3
"435",12,12,6,30,11.3001,0,0,2
"436",15,11,6,32,10.0895,0,0,3
"437",13,12,6,31,9.0074,0,0,2
"438",12,12,6,30,9.8292,0,0,3
"439",11,9,0,20,6.7219,0,1,2
"440",12,12,8,32,10.4698,0,0,4
"441",13,12,7,32,9.1492,0,0,4
"442",12,12,6,30,8.8594,0,0,3
"443",9,12,11,32,7.3229,0,0,4
"444",12,11,3,26,6.4027,0,1,3
"445",18,12,0,30,11.4597,0,0,2
"446",3,15,9,27,9.3714,0,1,3
"447",12,12,6,30,8.5532,0,0,2
"448",14,13,3,30,8.4397,0,0,2
"449",9,13,3,25,8.1578,0,1,2
"450",9,0,0,9,4.3673,0,1,1
"451",9,0,0,9,3.9377,0,1,1
"452",15,6,0,21,5.4667,0,1,2
"453",3,13,9,25,9.782,0,1,3
"454",13,9,0,22,7.4606,0,1,2
"455",17,11,3,31,10.2979,0,0,2
"456",12,9,0,21,8.1456,0,1,2
"457",12,13,6,31,9.8811,0,0,2
"458",12,9,0,21,6.0596,0,1,2
"459",18,9,0,27,9.8723,0,1,1
"460",15,6,0,21,6.3237,0,1,1
"461",9,0,0,9,3.7919,0,1,1
"462",9,0,0,9,3.79,1,0,0
"463",15,6,0,21,7.0298,0,1,1
"464",6,11,3,20,9.3517,0,1,2
"465",3,11,3,17,7.8751,0,1,2
"466",12,9,0,21,7.1559,0,1,2
"467",9,0,0,9,3.6925,0,1,1
"468",20,12,0,32,11.2638,0,0,1
"469",9,0,0,9,4.3959,0,1,1
"470",12,14,6,32,9.8735,0,0,2
"471",6,15,9,30,8.5836,0,0,2
"472",12,12,6,30,7.469,0,0,2
"473",12,15,3,30,6.7462,0,0,1
"474",12,15,3,30,6.4301,0,0,1
"475",12,3,0,15,3.7896,0,1,1
"476",8,3,0,11,3.4805,1,0,2
"477",9,0,0,9,4.6531,0,1,1
"478",12,12,6,30,11.3942,0,0,2
"479",12,12,6,30,9.9702,0,0,2
"480",12,9,0,21,6.388,0,1,2
"481",6,3,0,9,3.7424,1,0,1
"482",9,0,0,9,3.8932,0,1,1
"483",3,9,0,12,4.9089,0,1,2
"484",12,9,0,21,5.9144,1,0,2
"485",12,13,3,28,10.5733,0,1,2
"486",12,13,3,28,9.7387,0,1,2
"487",12,13,3,28,7.6117,0,1,2
"488",18,12,0,30,9.1957,0,0,2
"489",12,12,6,30,6.4725,0,0,3
"490",3,11,18,32,7.5977,0,0,3
"491",12,12,6,30,9.6211,0,0,2
"492",12,15,3,30,7.1036,0,0,3
"493",12,15,3,30,5.8499,0,0,3
"494",15,9,0,24,8.6381,0,1,2
"495",12,3,0,15,3.7941,1,0,1
"496",12,12,6,30,7.3205,0,0,3
"497",20,9,0,29,9.8778,0,1,1
"498",10,9,0,19,8.9572,0,1,1
"499",18,12,0,30,13.2364,0,0,2
"500",12,12,6,30,8.3953,0,0,3
"501",3,9,0,12,5.7434,0,1,2
"502",9,0,0,9,3.6581,0,1,1
"503",15,12,3,30,12.1386,0,0,2
"504",15,12,3,30,11.8496,0,0,3
"505",13,12,7,32,12.2612,0,0,4
"506",10,11,11,32,8.7376,0,0,4
"507",7,11,14,32,8.6349,0,0,4
"508",15,9,0,24,9.4058,0,1,2
"509",3,12,17,32,9.3365,0,0,2
"510",15,11,6,32,8.3674,0,0,1
"511",3,17,12,32,10.7091,0,0,2
"512",9,0,0,9,4.3309,0,1,1
"513",12,9,0,21,5.1503,0,1,2
"514",12,9,0,21,7.1046,0,1,2
"515",9,0,0,9,3.8536,0,1,1
"516",15,3,0,18,6.5161,0,1,2
"517",14,12,6,32,9.4726,0,0,2
"518",12,12,6,30,8.0023,0,0,2
"519",12,12,6,30,7.0748,0,0,2
"520",12,11,9,32,9.9945,0,0,2
"521",10,3,0,13,3.1732,1,0,2
"522",11,12,9,32,9.0221,0,0,2
"523",9,0,0,9,4.16,0,1,1
"524",9,0,0,9,4.7993,0,1,1
"525",9,3,0,12,6.2756,0,1,1
"526",18,12,0,30,11.4339,0,0,2
"527",3,18,9,30,12.3045,0,0,2
"528",15,11,6,32,9.9175,0,0,2
"529",14,11,6,31,8.9139,0,0,2
"530",20,12,0,32,12.0308,0,0,2
"531",9,0,0,9,4.2534,0,1,1
"532",12,9,0,21,9.2903,0,1,1
"533",12,9,0,21,5.7635,0,1,2
"534",3,9,0,12,6.1905,0,1,2
"535",3,12,9,24,9.3339,0,1,3
"536",12,12,6,30,9.1901,0,0,3
"537",15,12,0,27,9.5333,0,1,2
"538",12,12,0,24,9.4825,0,1,2
"539",15,9,0,24,8.1594,0,1,2
"540",10,11,11,32,7.2774,0,0,4
"541",15,3,0,18,6.8139,0,1,2
"542",3,12,3,18,5.7819,0,1,3
"543",12,13,3,28,10.6197,0,1,3
"544",12,15,3,30,7.1432,0,0,2
"545",9,0,0,9,4.2698,0,1,1
"546",12,9,0,21,8.0441,0,1,2
"547",12,9,0,21,6.3745,0,1,2
"548",15,9,0,24,9.2085,0,1,1
"549",15,3,0,18,7.054,0,1,2
"550",9,9,3,21,6.8798,0,1,3
"551",15,13,3,31,9.4899,0,0,2
"552",3,15,9,27,7.854,0,1,2
"553",9,0,0,9,4.3293,0,1,1
"554",9,0,0,9,3.6966,0,1,1
"555",12,10,3,25,8.0021,0,1,3
"556",18,9,0,27,11.2982,0,1,1
"557",18,9,0,27,10.0779,0,1,1
"558",18,9,0,27,8.1785,0,1,1
"559",9,0,0,9,3.7432,0,1,1
"560",12,9,0,21,7.4186,0,1,2
"561",9,0,0,9,4.2531,0,1,1
"562",9,0,0,9,3.952,0,1,1
"563",12,4,16,32,8.2795,0,0,3
"564",15,12,0,27,9.0421,0,1,2
"565",9,0,0,9,3.9583,0,1,1
"566",12,12,6,30,8.6378,0,0,3
"567",9,0,0,9,4.3752,0,1,1
"568",12,12,6,30,6.7817,0,0,3
"569",3,18,6,27,10.388,0,1,2
"570",15,12,3,30,8.7949,0,0,2
"571",9,0,0,9,4.3949,0,1,1
"572",15,6,0,21,7.0142,0,1,1
"573",3,12,9,24,9.5499,0,1,3
"574",12,12,6,30,6.4573,0,0,2
"575",15,14,3,32,8.0931,0,0,3
"576",12,14,6,32,9.1827,0,0,3
"577",9,0,0,9,4.205,0,1,1
"578",3,12,15,30,10.5519,0,0,3
"579",12,12,6,30,9.3997,0,0,3
"580",3,12,15,30,7.4273,0,0,3
"581",9,6,0,15,6.3035,0,1,1
"582",9,3,0,12,3.8972,0,1,1
"583",21,9,0,30,8.3509,0,0,2
"584",12,15,3,30,7.8254,0,0,2
"585",3,9,0,12,5.4128,0,1,2
"586",15,12,3,30,9.8724,0,0,2
"587",18,9,0,27,9.5468,0,1,1
"588",3,15,3,21,8.2636,0,1,2
"589",15,15,0,30,11.0905,0,0,2
"590",3,12,15,30,9.7405,0,0,3
"591",15,11,6,32,8.191,0,0,4
"592",12,12,8,32,12.0388,0,0,3
"593",12,12,7,31,10.0643,0,0,3
"594",12,12,8,32,9.5912,0,0,3
"595",3,15,14,32,7.4641,0,0,4
"596",12,9,0,21,7.691,0,1,2
"597",3,9,0,12,5.7665,0,1,2
"598",12,6,0,18,5.3295,1,0,1
"599",9,0,0,9,5.0176,0,1,1
"600",12,15,3,30,8.8299,0,0,2
"601",12,15,3,30,6.9182,0,0,2
"602",15,12,0,27,8.1815,0,1,2
"603",3,12,3,18,5.5865,0,1,2
"604",9,0,0,9,3.3474,0,1,1
"605",9,0,0,9,3.9589,0,1,1
"606",12,12,6,30,6.7882,0,0,3
"607",3,18,6,27,9.6088,0,1,2
"608",15,12,3,30,7.393,0,0,2
"609",12,12,6,30,7.3062,0,0,2
"610",9,3,0,12,5.7786,0,1,1
"611",3,12,9,24,10.6967,0,1,3
"612",3,9,0,12,5.4686,0,1,2
"613",9,0,0,9,3.7877,0,1,1
"614",3,12,15,30,9.0046,0,0,4
"615",15,3,0,18,8.3914,0,1,2
"616",12,12,6,30,10.626,0,0,3
"617",11,12,9,32,8.595,0,0,3
"618",11,12,9,32,7.776,0,0,3
"619",3,15,6,24,7.7978,0,1,2
"620",15,12,0,27,8.1089,0,1,2
"621",15,9,0,24,6.3428,0,1,2
"622",12,12,6,30,8.5419,0,0,3
"623",15,15,0,30,12.5113,0,0,2
"624",3,15,12,30,10.8571,0,0,3
"625",12,15,3,30,6.2127,0,0,2
"626",12,12,6,30,8.5618,0,0,2
"627",12,12,6,30,7.299,0,0,2
"628",12,12,6,30,11.7771,0,0,1
"629",12,12,6,30,10.5022,0,0,1
"630",15,12,3,30,10.7557,0,0,1
"631",12,15,3,30,11.8907,0,0,1
"632",10,15,3,28,10.1238,0,1,1
"633",10,14,3,27,7.6647,0,1,1
"634",3,13,6,22,8.3144,0,1,2
"635",14,13,3,30,10.5583,0,0,1
"636",15,6,0,21,6.4891,0,1,1
"637",14,6,0,20,5.5912,0,1,2
"638",14,6,0,20,5.9048,0,1,1
"639",3,15,13,31,9.7231,0,0,3
"640",12,3,0,15,6.542,0,1,1
"641",9,3,0,12,5.8406,0,1,1
"642",9,3,0,12,5.7132,0,1,1
"643",15,3,0,18,6.9621,0,1,2
"644",12,10,3,25,7.3284,0,1,2
"645",14,15,3,32,7.4436,0,0,2
"646",3,13,6,22,7.9716,0,1,2
"647",9,0,0,9,4.0853,0,1,1
"648",12,12,6,30,7.6754,0,0,3
"649",12,9,0,21,7.1112,0,1,2
"650",3,15,9,27,7.9047,0,1,2
"651",18,12,0,30,12.4027,0,0,1
"652",12,3,0,15,4.2123,0,1,1
"653",11,12,9,32,7.3676,0,0,2
"654",9,0,0,9,4.3059,0,1,1
"655",3,14,15,32,10.2397,0,0,2
"656",7,3,0,10,3.7451,1,0,2
"657",18,6,0,24,8.1436,0,1,1
"658",16,6,0,22,7.7206,0,1,1
"659",15,3,0,18,6.9939,0,1,1
"660",14,9,0,23,8.0363,0,1,1
"661",9,0,0,9,3.9804,0,1,1
"662",9,0,0,9,3.7974,0,1,1
"663",15,3,0,18,5.9324,0,1,2
"664",3,15,9,27,8.9034,0,1,3
"665",15,14,3,32,9.878,0,0,3
"666",15,14,3,32,9.5557,0,0,3
"667",15,11,6,32,12.5102,0,0,3
"668",3,13,15,31,9.6361,0,0,3
"669",3,16,6,25,9.0216,0,1,2
"670",9,0,0,9,5.4741,0,1,1
"671",15,9,0,24,7.8528,0,1,2
"672",3,12,15,30,7.7456,0,0,2
"673",12,12,6,30,10.082,0,0,2
"674",12,12,6,30,8.9604,0,0,2
"675",15,6,0,21,5.4474,0,1,2
"676",3,9,0,12,5.9006,0,1,2
"677",12,12,6,30,7.858,0,0,2
"678",12,15,3,30,8.965,0,0,2
"679",12,15,3,30,8.0871,0,0,2
"680",15,11,6,32,8.4369,0,0,2
"681",12,12,6,30,9.198,0,0,3
"682",12,9,0,21,7.0544,0,1,2
"683",12,12,6,30,10.3503,0,0,3
"684",12,10,10,32,10.9701,0,0,3
"685",10,12,10,32,8.2193,0,0,3
"686",7,11,14,32,7.8529,0,0,3
"687",15,14,3,32,7.6278,0,0,2
"688",15,6,0,21,6.6148,0,1,1
"689",3,9,0,12,5.1484,0,1,2
"690",9,0,0,9,3.998,0,1,1
"691",3,0,0,3,1.2108,1,0,0
"692",13,3,0,16,6.1886,0,1,1
"693",3,10,3,16,6.2161,0,1,2
"694",9,3,0,12,5.4754,0,1,1
"695",12,15,3,30,10.51,0,0,2
"696",12,9,9,30,12.068,0,0,2
"697",3,14,15,32,10.0077,0,0,2
"698",3,9,9,21,8.7502,0,1,2
"699",6,12,14,32,11.4386,0,0,3
"700",3,12,14,29,9.6732,0,1,3
"701",12,12,8,32,9.1861,0,0,2
"702",12,12,6,30,9.9726,0,0,3
"703",12,12,6,30,7.87,0,0,3
"704",3,15,9,27,10.0746,0,1,2
"705",3,15,9,27,9.2637,0,1,2
"706",15,9,0,24,7.5728,0,1,1
"707",18,11,3,32,9.0129,0,0,2
"708",18,12,0,30,9.5898,0,0,2
"709",9,0,0,9,4.95,0,1,1
"710",3,0,0,3,0.5843,1,0,0
"711",6,0,0,6,2.1405,1,0,0
"712",13,12,3,28,8.4179,0,1,2
"713",15,3,0,18,6.2403,0,1,1
"714",12,9,0,21,9.8627,0,1,2
"715",9,3,0,12,3.6152,0,1,1
"716",9,0,0,9,4.2635,0,1,1
"717",12,12,6,30,10.6144,0,0,2
"718",8,8,15,31,7.4389,0,0,4
"719",12,12,6,30,8.6806,0,0,2
"720",12,14,6,32,7.8067,0,0,1
"721",3,12,15,30,12.1483,0,0,4
"722",3,12,15,30,8.6383,0,0,4
"723",10,11,11,32,6.7352,0,0,4
"724",15,12,3,30,6.8749,0,0,3
"725",3,9,3,15,6.5887,0,1,2
"726",12,9,3,24,7.0722,0,1,2
"727",12,9,0,21,6.1905,0,1,2
"728",9,0,0,9,3.7122,0,1,1
"729",15,12,3,30,9.796,0,0,3
"730",12,12,8,32,9.6999,0,0,4
"731",12,9,11,32,11.4869,0,0,3
"732",8,15,3,26,8.9375,0,1,3
"733",3,12,9,24,9.3821,0,1,3
"734",12,9,0,21,6.7525,0,1,2
"735",5,11,14,30,8.7287,0,0,3
"736",3,18,9,30,10.6342,0,0,2
"737",3,12,14,29,8.4021,0,1,3
"738",3,18,9,30,8.963,0,0,2
"739",12,12,6,30,5.4135,0,0,2
"740",12,9,0,21,8.0016,0,1,2
"741",13,9,3,25,6.6988,0,1,1
"742",10,9,3,22,5.3308,0,1,1
"743",15,12,0,27,9.924,0,1,2
"744",9,0,0,9,3.7717,0,1,1
"745",9,0,0,9,3.6657,1,0,0
"746",9,3,0,12,5.4941,0,1,1
"747",12,15,3,30,9.7152,0,0,2
"748",12,15,3,30,10.5188,0,0,2
"749",12,3,0,15,4.7639,1,0,2
"750",3,18,6,27,10.9089,0,1,2
"751",12,15,3,30,7.1542,0,0,2
"752",12,13,3,28,7.4496,0,1,3
"753",12,13,3,28,6.2359,0,1,3
"754",9,0,0,9,4.8895,0,1,1
"755",3,11,3,17,6.6146,0,1,2
"756",14,3,0,17,6.5551,0,1,1
"757",11,3,0,14,5.1745,0,1,1
"758",9,3,0,12,5.4845,0,1,1
"759",12,11,9,32,7.1654,0,0,3
"760",18,12,0,30,10.786,0,0,1
"761",18,12,0,30,9.258,0,0,1
"762",9,0,0,9,5.1303,0,1,1
"763",12,12,6,30,12.2588,0,0,2
"764",12,14,6,32,10.9581,0,0,2
"765",15,3,0,18,5.6129,0,1,1
"766",15,12,0,27,9.6864,0,1,2
"767",9,0,0,9,4.239,0,1,1
"768",15,9,0,24,8.0745,0,1,2
"769",3,12,17,32,10.2037,0,0,2
"770",12,12,6,30,11.3001,0,0,2
"771",12,12,6,30,9.2037,0,0,2
"772",12,12,6,30,7.517,0,0,2
"773",3,9,20,32,7.4973,0,0,2
"774",3,11,18,32,7.6261,0,0,3
"775",10,3,0,13,4.3279,0,1,1
"776",10,3,0,13,5.2649,0,1,1
"777",15,3,0,18,4.3442,0,1,1
"778",14,11,6,31,7.7264,0,0,2
"779",12,14,6,32,7.6964,0,0,2
"780",3,18,9,30,12.4378,0,0,2
"781",12,3,0,15,5.4568,1,0,2
"782",12,12,6,30,10.8605,0,0,3
"783",12,14,6,32,8.7186,0,0,3
"784",12,14,6,32,7.8496,0,0,2
"785",3,18,9,30,10.652,0,0,3
"786",3,15,9,27,9.7982,0,1,3
"787",12,9,3,24,6.4534,0,1,2
"788",3,12,13,28,7.5085,0,1,3
"789",11,12,9,32,7.993,0,0,3
"790",12,9,0,21,7.6609,0,1,2
"791",12,9,0,21,6.31,0,1,2
"792",18,9,0,27,10.4202,0,1,1
"793",12,9,11,32,9.2336,0,0,3
"794",3,13,9,25,8.6984,0,1,3
"795",12,10,10,32,9.4623,0,0,2
"796",3,11,18,32,8.7406,0,0,2
"797",9,0,0,9,4.1633,0,1,1
"798",18,9,0,27,11.0349,0,1,1
"799",3,18,6,27,9.5681,0,1,2
"800",18,12,0,30,11.7869,0,0,1
"801",18,12,0,30,9.8182,0,0,1
"802",9,0,0,9,3.732,0,1,1
"803",9,0,0,9,3.9429,0,1,1
"804",9,0,0,9,4.8579,0,1,1
"805",3,15,3,21,6.0552,0,1,2
"806",14,3,0,17,4.7222,0,1,1
"807",9,0,0,9,3.8398,0,1,1
"808",9,0,0,9,3.5536,0,1,1
"809",12,12,8,32,11.562,0,0,4
"810",12,6,0,18,5.3679,1,0,2
"811",12,12,8,32,8.2662,0,0,4
"812",12,9,0,21,10.2037,0,1,2
"813",15,11,6,32,11.4629,0,0,3
"814",3,12,9,24,7.2525,0,1,3
"815",3,12,9,24,7.2381,0,1,3
"816",12,9,0,21,7.7824,0,1,2
"817",15,9,0,24,7.7584,0,1,2
"818",3,9,0,12,5.39,0,1,2
"819",12,12,6,30,7.7932,0,0,3
"820",15,9,0,24,7.8548,0,1,2
"821",9,0,0,9,4.3147,0,1,1
"822",3,14,3,20,6.6091,0,1,3
"823",14,3,0,17,5.5603,0,1,2
"824",11,3,0,14,4.0709,0,1,2
"825",12,15,3,30,9.0102,0,0,2
"826",6,15,9,30,11.2346,0,0,3
"827",3,18,9,30,12.3431,0,0,3
"828",3,14,9,26,9.2637,0,1,3
"829",12,15,3,30,11.5251,0,0,2
"830",12,15,3,30,6.0348,0,0,3
"831",3,15,9,27,11.5032,0,1,2
"832",15,13,3,31,9.5476,0,0,2
"833",18,10,3,31,8.4997,0,0,2
"834",13,9,0,22,8.3474,0,1,1
"835",18,12,0,30,10.5863,0,0,2
"836",18,12,0,30,9.5437,0,0,2
"837",9,0,0,9,3.9381,0,1,1
"838",6,0,0,6,2.4079,1,0,0
"839",3,12,3,18,6.7609,0,1,2
"840",15,12,3,30,8.3905,0,0,2
"841",15,12,3,30,9.0759,0,0,2
"842",16,6,0,22,6.0386,0,1,1
"843",15,12,3,30,7.691,0,0,2
"844",9,0,0,9,3.686,0,1,1
"845",15,3,0,18,6.889,0,1,1
"846",3,0,0,3,0.9388,1,0,0
"847",15,6,0,21,6.4266,0,1,1
"848",3,15,6,24,9.9056,0,1,2
"849",12,12,6,30,7.7285,0,0,2
"850",9,0,0,9,3.4683,0,1,1
"851",9,0,0,9,3.2665,0,1,1
"852",12,9,0,21,5.2781,0,1,2
"853",12,12,7,31,8.7629,0,0,2
"854",15,6,0,21,8.4466,0,1,1
"855",15,14,3,32,7.3879,0,0,3
"856",18,9,0,27,7.8351,0,1,1
"857",12,9,0,21,5.1552,0,1,1
"858",9,0,0,9,3.8436,0,1,1
"859",12,15,3,30,12.8944,0,0,2
"860",12,12,3,27,10.5801,0,1,2
"861",9,0,0,9,5.1108,0,1,1
"862",3,15,3,21,6.4737,0,1,2
"863",6,15,6,27,7.59,0,1,3
"864",3,15,6,24,6.4658,0,1,3
"865",9,0,0,9,3.7995,0,1,1
"866",12,3,0,15,6.2855,0,1,1
"867",3,15,6,24,8.1625,0,1,2
"868",9,0,0,9,3.9716,0,1,1
"869",9,0,0,9,3.9676,0,1,1
"870",9,0,0,9,3.9352,0,1,1
"871",9,15,6,30,11.7193,0,0,2
"872",3,18,6,27,10.5597,0,1,2
"873",3,15,6,24,9.2503,0,1,2
"874",12,9,3,24,9.0815,0,1,2
"875",14,6,0,20,7.0006,0,1,1
"876",11,15,6,32,9.213,0,0,1
"877",18,9,0,27,9.8051,0,1,1
"878",15,12,0,27,10.0829,0,1,2
"879",9,0,0,9,3.558,0,1,1
"880",9,0,0,9,4.5164,0,1,1
"881",9,0,0,9,4.0844,0,1,1
"882",12,8,11,31,10.1551,0,0,4
"883",12,12,8,32,10.0581,0,0,4
"884",3,9,3,15,5.3937,0,1,2
"885",18,12,0,30,11.737,0,0,2
"886",11,15,6,32,7.4251,0,0,2
"887",9,3,0,12,5.0209,0,1,1
"888",9,0,0,9,3.6175,1,0,0
"889",9,0,0,9,4.6659,0,1,1
"890",12,12,3,27,10.8232,0,1,2
"891",12,15,3,30,10.1271,0,0,2
"892",12,10,3,25,8.3175,0,1,2
"893",15,9,0,24,8.2199,0,1,2
"894",13,9,0,22,7.4271,0,1,2
"895",3,12,9,24,6.3288,0,1,3
"896",9,0,0,9,3.949,0,1,1
"897",14,11,7,32,9.529,0,0,4
"898",12,11,9,32,9.0165,0,0,4
"899",9,3,0,12,5.6688,0,1,1
"900",9,0,0,9,4.3259,0,1,1
"901",18,12,0,30,10.4899,0,0,2
"902",3,12,3,18,5.5561,0,1,2
"903",18,12,0,30,9.3184,0,0,1
"904",18,9,0,27,10.5639,0,1,1
"905",9,0,0,9,3.4734,0,1,1
"906",9,0,0,9,3.4262,0,1,1
"907",12,9,0,21,10.9018,0,1,2
"908",12,9,0,21,9.2254,0,1,2
"909",15,11,6,32,11.0015,0,0,3
"910",12,3,0,15,4.5339,1,0,2
"911",13,11,6,30,7.5838,0,0,3
"912",15,14,3,32,10.8778,0,0,3
"913",12,9,0,21,7.5368,0,1,2
"914",12,9,0,21,6.0634,0,1,2
"915",15,14,3,32,11.5628,0,0,2
"916",18,12,0,30,11.1015,0,0,2
"917",12,9,0,21,7.572,0,1,2
"918",6,12,12,30,10.9785,0,0,3
"919",3,12,15,30,10.5919,0,0,3
"920",9,0,0,9,3.8922,0,1,1
"921",13,3,0,16,3.9434,0,1,1
"922",12,13,6,31,7.407,0,0,2
"923",12,12,6,30,7.3498,0,0,3
"924",3,12,9,24,7.5452,0,1,3
"925",6,15,9,30,10.4334,0,0,2
"926",12,9,0,21,5.2206,0,1,2
"927",3,15,12,30,8.6197,0,0,3
"928",10,3,0,13,5.1784,0,1,1
"929",12,6,0,18,5.1354,1,0,2
"930",9,14,3,26,11.1533,0,1,2
"931",12,11,3,26,10.1681,0,1,2
"932",12,11,3,26,8.8668,0,1,2
"933",12,11,3,26,6.8536,0,1,2
"934",9,0,0,9,3.6112,1,0,0
"935",11,3,0,14,5.5212,0,1,1
"936",14,9,0,23,8.3734,0,1,2
"937",12,11,9,32,11.425,0,0,3
"938",12,12,6,30,11.5162,0,0,3
"939",15,12,3,30,10.6697,0,0,2
"940",9,15,3,27,10.9525,0,1,2
"941",6,12,3,21,6.3971,0,1,2
"942",12,3,0,15,3.9699,1,0,2
"943",16,9,0,25,8.5518,0,1,2
"944",12,12,8,32,9.5238,0,0,2
"945",3,12,15,30,7.7763,0,0,4
"946",15,12,3,30,7.5719,0,0,3
"947",12,12,6,30,6.8564,0,0,3
"948",12,12,6,30,6.1631,0,0,3
"949",3,15,9,27,9.8208,0,1,2
"950",14,15,3,32,8.3566,0,0,3
"951",12,10,3,25,8.3138,0,1,2
"952",3,12,3,18,5.8573,0,1,2
"953",12,9,0,21,5.0812,0,1,2
"954",12,12,6,30,10.9529,0,0,2
"955",3,12,17,32,9.0295,0,0,3
"956",15,9,0,24,8.0842,0,1,2
"957",12,12,3,27,6.6362,0,1,2
"958",18,12,0,30,12.127,0,0,2
"959",13,16,3,32,11.0718,0,0,2
"960",6,15,9,30,10.0996,0,0,3
"961",12,14,6,32,10.2576,0,0,2
"962",12,14,6,32,8.8631,0,0,2
"963",12,14,6,32,7.8573,0,0,2
"964",13,9,0,22,7.9226,0,1,1
"965",13,6,0,19,7.3097,0,1,1
"966",13,3,0,16,6.0423,0,1,1
"967",10,3,0,13,4.5189,0,1,1
"968",12,9,0,21,7.8616,0,1,2
"969",12,12,6,30,6.6151,0,0,3
"970",9,0,0,9,3.6145,0,1,1
"971",17,6,0,23,6.6942,0,1,1
"972",15,9,0,24,6.1567,0,1,1
"973",18,12,0,30,11.2762,0,0,2
"974",15,9,0,24,9.6359,0,1,1
"975",6,0,0,6,2.0286,1,0,0
"976",14,3,0,17,6.8064,0,1,1
"977",9,0,0,9,3.4629,0,1,1
"978",18,12,0,30,10.5682,0,0,2
"979",12,12,0,24,9.6963,0,1,2
"980",9,0,0,9,3.5361,0,1,1
"981",15,9,0,24,8.2547,0,1,2
"982",3,14,6,23,6.9155,0,1,2
"983",12,12,6,30,10.9293,0,0,2
"984",9,11,10,30,6.2587,0,0,3
"985",14,15,3,32,9.4851,0,0,2
"986",3,12,11,26,6.3965,0,1,2
"987",15,3,0,18,5.9926,0,1,1
"988",13,3,0,16,4.6963,0,1,1
"989",9,3,0,12,5.413,0,1,1
"990",6,0,0,6,3.0203,1,0,0
"991",7,12,3,22,7.4414,0,1,2
"992",9,0,0,9,3.9971,0,1,1
"993",3,0,0,3,0.5797,1,0,0
"994",12,11,6,29,9.7085,0,1,2
"995",9,9,0,18,9.3947,0,1,2
"996",6,9,0,15,7.9695,0,1,2
"997",18,12,0,30,13.92,0,0,1
"998",18,12,0,30,11.312,0,0,1
"999",9,0,0,9,4.3202,0,1,1
"1000",15,11,3,29,7.8775,0,1,2
