"","N_under_dosing","N_MTD","N_over_dosing","Pts","Length","Safety_stop","Sufficient_info","MTD"
"1",29,3,0,32,10.1198,0,0,6
"2",25,6,0,31,10.3455,0,0,6
"3",29,3,0,32,10.3392,0,0,6
"4",32,0,0,32,8.7863,0,0,5
"5",29,3,0,32,8.5303,0,0,6
"6",32,0,0,32,8.164,0,0,5
"7",29,3,0,32,9.2109,0,0,6
"8",30,0,0,30,7.6107,0,0,5
"9",32,0,0,32,10.8456,0,0,5
"10",32,0,0,32,11.098,0,0,5
"11",32,0,0,32,8.7263,0,0,4
"12",32,0,0,32,10.939,0,0,5
"13",32,0,0,32,9.9114,0,0,5
"14",32,0,0,32,7.497,0,0,5
"15",32,0,0,32,11.3337,0,0,5
"16",32,0,0,32,10.7661,0,0,4
"17",32,0,0,32,9.5623,0,0,3
"18",32,0,0,32,8.8801,0,0,5
"19",32,0,0,32,7.4239,0,0,4
"20",30,0,0,30,6.5459,0,0,3
"21",31,0,0,31,11.1924,0,0,5
"22",32,0,0,32,9.4984,0,0,4
"23",30,0,0,30,10.7203,0,0,4
"24",30,0,0,30,10.0702,0,0,4
"25",32,0,0,32,9.8678,0,0,4
"26",31,0,0,31,8.4788,0,0,4
"27",32,0,0,32,7.7821,0,0,5
"28",32,0,0,32,9.6548,0,0,4
"29",27,0,0,27,8.9028,0,1,4
"30",24,0,0,24,7.5633,0,1,3
"31",32,0,0,32,6.2675,0,0,4
"32",30,0,0,30,5.6186,0,0,3
"33",32,0,0,32,8.8315,0,0,4
"34",29,3,0,32,8.9215,0,0,6
"35",27,0,0,27,11.4131,0,1,3
"36",32,0,0,32,6.5107,0,0,5
"37",32,0,0,32,12.4326,0,0,4
"38",30,0,0,30,9.4773,0,0,4
"39",32,0,0,32,7.7062,0,0,4
"40",31,0,0,31,7.2139,0,0,4
"41",32,0,0,32,6.3581,0,0,4
"42",24,0,0,24,7.6839,0,1,3
"43",32,0,0,32,8.5777,0,0,5
"44",32,0,0,32,8.0896,0,0,5
"45",31,0,0,31,7.4612,0,0,4
"46",31,0,0,31,6.1779,0,0,4
"47",29,3,0,32,9.0673,0,0,5
"48",32,0,0,32,7.9968,0,0,4
"49",32,0,0,32,7.3595,0,0,3
"50",31,0,0,31,9.4046,0,0,5
"51",32,0,0,32,10.82,0,0,5
"52",32,0,0,32,10.7528,0,0,4
"53",32,0,0,32,10.0164,0,0,4
"54",30,0,0,30,6.8969,0,0,3
"55",30,0,0,30,8.9866,0,0,4
"56",31,0,0,31,10.0063,0,0,4
"57",31,0,0,31,10.3688,0,0,4
"58",31,0,0,31,6.7936,0,0,4
"59",29,3,0,32,10.1991,0,0,6
"60",32,0,0,32,9.8063,0,0,5
"61",32,0,0,32,10.2864,0,0,5
"62",30,0,0,30,10.8965,0,0,4
"63",30,0,0,30,10.5819,0,0,3
"64",30,0,0,30,11.7068,0,0,4
"65",32,0,0,32,13.1903,0,0,3
"66",30,0,0,30,9.6116,0,0,5
"67",28,3,0,31,10.5091,0,0,6
"68",32,0,0,32,8.8452,0,0,4
"69",30,0,0,30,7.0686,0,0,5
"70",32,0,0,32,7.2894,0,0,4
"71",30,0,0,30,9.3221,0,0,4
"72",32,0,0,32,9.6749,0,0,5
"73",32,0,0,32,8.5874,0,0,5
"74",32,0,0,32,8.5673,0,0,4
"75",29,3,0,32,10.3268,0,0,5
"76",29,3,0,32,9.6345,0,0,5
"77",30,0,0,30,9.298,0,0,4
"78",30,0,0,30,8.755,0,0,4
"79",30,0,0,30,8.5766,0,0,4
"80",30,0,0,30,12.4951,0,0,4
"81",32,0,0,32,6.6963,0,0,4
"82",27,0,0,27,9.9702,0,1,3
"83",32,0,0,32,9.9696,0,0,5
"84",32,0,0,32,9.212,0,0,4
"85",31,0,0,31,9.6862,0,0,4
"86",30,0,0,30,9.2331,0,0,4
"87",32,0,0,32,10.0087,0,0,5
"88",31,0,0,31,6.6027,0,0,4
"89",30,0,0,30,5.8015,0,0,4
"90",15,0,0,15,7.7233,0,1,3
"91",32,0,0,32,7.0614,0,0,4
"92",32,0,0,32,7.1839,0,0,3
"93",30,0,0,30,8.0607,0,0,3
"94",31,0,0,31,8.3353,0,0,4
"95",31,0,0,31,8.2026,0,0,4
"96",31,0,0,31,8.1614,0,0,5
"97",32,0,0,32,7.7248,0,0,4
"98",15,0,0,15,7.1262,0,1,3
"99",30,0,0,30,9.1585,0,0,4
"100",32,0,0,32,9.35,0,0,4
"101",32,0,0,32,7.7659,0,0,4
"102",32,0,0,32,6.9632,0,0,5
"103",32,0,0,32,6.8528,0,0,4
"104",32,0,0,32,7.5808,0,0,5
"105",30,0,0,30,7.7335,0,0,5
"106",32,0,0,32,11.1957,0,0,5
"107",31,0,0,31,10.7427,0,0,4
"108",32,0,0,32,8.8748,0,0,5
"109",32,0,0,32,7.1015,0,0,5
"110",32,0,0,32,10.98,0,0,4
"111",32,0,0,32,13.1731,0,0,5
"112",29,3,0,32,11.5493,0,0,5
"113",32,0,0,32,9.4758,0,0,4
"114",32,0,0,32,8.0558,0,0,4
"115",32,0,0,32,10.6196,0,0,5
"116",32,0,0,32,9.9514,0,0,5
"117",30,0,0,30,8.8548,0,0,5
"118",32,0,0,32,9.9049,0,0,5
"119",30,0,0,30,9.0495,0,0,5
"120",32,0,0,32,10.1929,0,0,5
"121",32,0,0,32,9.1797,0,0,4
"122",31,0,0,31,10.1538,0,0,4
"123",32,0,0,32,11.144,0,0,4
"124",32,0,0,32,11.0936,0,0,4
"125",18,0,0,18,5.8185,0,1,3
"126",32,0,0,32,7.8574,0,0,5
"127",32,0,0,32,8.4129,0,0,5
"128",30,0,0,30,6.6957,0,0,4
"129",30,0,0,30,8.9083,0,0,4
"130",32,0,0,32,7.8527,0,0,5
"131",29,3,0,32,9.3715,0,0,6
"132",29,3,0,32,9.0762,0,0,6
"133",32,0,0,32,8.6024,0,0,5
"134",32,0,0,32,7.5032,0,0,4
"135",32,0,0,32,8.3514,0,0,4
"136",27,0,0,27,11.3833,0,1,4
"137",32,0,0,32,11.47,0,0,4
"138",31,0,0,31,10.6943,0,0,4
"139",32,0,0,32,8.6573,0,0,4
"140",32,0,0,32,8.5578,0,0,5
"141",32,0,0,32,7.6091,0,0,5
"142",32,0,0,32,6.9723,0,0,4
"143",32,0,0,32,10.9747,0,0,5
"144",31,0,0,31,9.1038,0,0,4
"145",32,0,0,32,12.2279,0,0,4
"146",30,0,0,30,8.0194,0,0,3
"147",30,0,0,30,8.8582,0,0,4
"148",31,0,0,31,10.7593,0,0,4
"149",31,0,0,31,10.5464,0,0,3
"150",32,0,0,32,8.2392,0,0,4
"151",30,0,0,30,7.3794,0,0,3
"152",31,0,0,31,8.1497,0,0,5
"153",29,3,0,32,9.7924,0,0,6
"154",32,0,0,32,8.3417,0,0,5
"155",32,0,0,32,7.2345,0,0,5
"156",30,0,0,30,6.8499,0,0,4
"157",30,0,0,30,5.9783,0,0,3
"158",30,0,0,30,11.2592,0,0,3
"159",24,0,0,24,9.955,0,1,3
"160",24,0,0,24,9.5293,0,1,3
"161",28,0,0,28,7.8554,0,1,3
"162",32,0,0,32,9.8587,0,0,5
"163",32,0,0,32,8.3277,0,0,4
"164",30,0,0,30,9.509,0,0,4
"165",30,0,0,30,9.4651,0,0,5
"166",29,3,0,32,8.8014,0,0,6
"167",30,0,0,30,8.6314,0,0,4
"168",32,0,0,32,6.9148,0,0,4
"169",32,0,0,32,7.6264,0,0,4
"170",32,0,0,32,9.2238,0,0,5
"171",32,0,0,32,7.902,0,0,5
"172",32,0,0,32,9.0082,0,0,3
"173",32,0,0,32,7.4,0,0,3
"174",32,0,0,32,8.1442,0,0,5
"175",30,0,0,30,7.048,0,0,4
"176",32,0,0,32,7.7258,0,0,4
"177",32,0,0,32,8.3558,0,0,5
"178",32,0,0,32,7.4957,0,0,4
"179",31,0,0,31,10.8238,0,0,5
"180",32,0,0,32,10.7842,0,0,4
"181",32,0,0,32,9.3392,0,0,5
"182",32,0,0,32,11.2419,0,0,5
"183",31,0,0,31,8.6302,0,0,4
"184",32,0,0,32,9.6002,0,0,5
"185",32,0,0,32,9.0135,0,0,5
"186",32,0,0,32,7.9006,0,0,4
"187",32,0,0,32,6.8765,0,0,4
"188",30,0,0,30,8.9771,0,0,4
"189",32,0,0,32,8.7078,0,0,5
"190",30,0,0,30,8.6741,0,0,4
"191",32,0,0,32,10.7081,0,0,5
"192",32,0,0,32,9.1003,0,0,5
"193",32,0,0,32,7.6377,0,0,5
"194",32,0,0,32,9.0267,0,0,5
"195",29,3,0,32,8.8816,0,0,6
"196",32,0,0,32,8.5135,0,0,4
"197",32,0,0,32,7.7013,0,0,4
"198",32,0,0,32,7.8733,0,0,5
"199",32,0,0,32,6.6946,0,0,5
"200",30,0,0,30,10.9629,0,0,4
"201",30,0,0,30,9.0672,0,0,4
"202",32,0,0,32,7.7648,0,0,4
"203",30,0,0,30,7.8393,0,0,4
"204",31,0,0,31,10.0555,0,0,4
"205",32,0,0,32,12.0907,0,0,5
"206",29,3,0,32,10.068,0,0,6
"207",29,3,0,32,10.1062,0,0,6
"208",32,0,0,32,7.9738,0,0,5
"209",30,0,0,30,8.0275,0,0,4
"210",31,0,0,31,9.0362,0,0,4
"211",30,0,0,30,7.922,0,0,4
"212",32,0,0,32,11.6975,0,0,5
"213",32,0,0,32,8.1518,0,0,4
"214",32,0,0,32,8.0584,0,0,4
"215",32,0,0,32,6.8519,0,0,4
"216",32,0,0,32,11.0463,0,0,5
"217",32,0,0,32,6.6112,0,0,4
"218",32,0,0,32,8.9182,0,0,5
"219",32,0,0,32,9.9744,0,0,5
"220",29,3,0,32,8.8775,0,0,6
"221",32,0,0,32,7.8627,0,0,5
"222",32,0,0,32,10.2338,0,0,5
"223",31,0,0,31,7.5366,0,0,4
"224",32,0,0,32,8.5368,0,0,5
"225",26,6,0,32,9.3531,0,0,6
"226",32,0,0,32,8.3073,0,0,4
"227",30,0,0,30,7.7321,0,0,4
"228",30,0,0,30,11.6774,0,0,4
"229",30,0,0,30,10.6835,0,0,4
"230",27,0,0,27,13.0894,0,1,3
"231",19,0,0,19,7.6568,0,1,3
"232",16,0,0,16,5.9449,0,1,3
"233",32,0,0,32,9.9739,0,0,5
"234",29,3,0,32,9.9904,0,0,6
"235",29,3,0,32,9.3445,0,0,6
"236",32,0,0,32,10.2329,0,0,5
"237",32,0,0,32,12.102,0,0,5
"238",32,0,0,32,10.504,0,0,5
"239",28,3,0,31,10.7625,0,0,6
"240",30,0,0,30,10.4344,0,0,5
"241",32,0,0,32,10.0975,0,0,5
"242",32,0,0,32,8.1892,0,0,4
"243",29,3,0,32,9.1009,0,0,6
"244",32,0,0,32,7.5561,0,0,5
"245",27,0,0,27,8.3664,0,1,4
"246",32,0,0,32,10.218,0,0,4
"247",32,0,0,32,8.5119,0,0,4
"248",31,0,0,31,10.769,0,0,5
"249",30,0,0,30,11.0219,0,0,3
"250",32,0,0,32,8.3498,0,0,4
"251",32,0,0,32,8.9948,0,0,4
"252",32,0,0,32,9.02,0,0,5
"253",32,0,0,32,11.8633,0,0,5
"254",32,0,0,32,10.7357,0,0,4
"255",32,0,0,32,8.5543,0,0,5
"256",30,0,0,30,7.0185,0,0,4
"257",31,0,0,31,10.6198,0,0,4
"258",32,0,0,32,9.6657,0,0,5
"259",32,0,0,32,8.9355,0,0,4
"260",32,0,0,32,9.9078,0,0,5
"261",32,0,0,32,8.9786,0,0,5
"262",31,0,0,31,8.6409,0,0,4
"263",30,0,0,30,7.8302,0,0,4
"264",32,0,0,32,8.6815,0,0,4
"265",32,0,0,32,10.6002,0,0,5
"266",32,0,0,32,9.9817,0,0,4
"267",32,0,0,32,8.8492,0,0,4
"268",30,0,0,30,8.059,0,0,4
"269",32,0,0,32,7.4051,0,0,4
"270",30,0,0,30,10.7808,0,0,4
"271",32,0,0,32,11.9864,0,0,4
"272",32,0,0,32,11.2767,0,0,5
"273",32,0,0,32,9.0645,0,0,5
"274",30,0,0,30,10.7134,0,0,4
"275",32,0,0,32,7.1367,0,0,4
"276",30,0,0,30,6.3412,0,0,4
"277",32,0,0,32,8.5536,0,0,5
"278",32,0,0,32,8.5332,0,0,5
"279",30,0,0,30,7.1563,0,0,4
"280",29,3,0,32,11.2784,0,0,5
"281",32,0,0,32,9.591,0,0,4
"282",32,0,0,32,9.0479,0,0,4
"283",29,3,0,32,9.8792,0,0,6
"284",26,6,0,32,11.1924,0,0,6
"285",29,3,0,32,10.2617,0,0,6
"286",31,0,0,31,9.069,0,0,5
"287",30,0,0,30,8.4658,0,0,5
"288",32,0,0,32,8.2129,0,0,4
"289",29,3,0,32,7.5661,0,0,5
"290",32,0,0,32,9.8634,0,0,5
"291",32,0,0,32,7.0354,0,0,4
"292",30,0,0,30,6.5681,0,0,3
"293",32,0,0,32,11.1322,0,0,5
"294",32,0,0,32,9.9464,0,0,4
"295",30,0,0,30,9.47,0,0,4
"296",30,0,0,30,9.175,0,0,4
"297",30,0,0,30,7.9949,0,0,4
"298",30,0,0,30,6.3284,0,0,4
"299",32,0,0,32,7.422,0,0,4
"300",32,0,0,32,8.0628,0,0,5
"301",32,0,0,32,11.1305,0,0,5
"302",32,0,0,32,9.7473,0,0,4
"303",30,0,0,30,10.5611,0,0,5
"304",31,0,0,31,10.6693,0,0,4
"305",32,0,0,32,7.0236,0,0,5
"306",30,0,0,30,12.1031,0,0,4
"307",27,0,0,27,10.5396,0,1,3
"308",32,0,0,32,11.3058,0,0,5
"309",32,0,0,32,8.3844,0,0,5
"310",32,0,0,32,8.6453,0,0,5
"311",32,0,0,32,7.2498,0,0,5
"312",30,0,0,30,10.6091,0,0,4
"313",27,0,0,27,10.4727,0,1,3
"314",32,0,0,32,10.5633,0,0,4
"315",30,0,0,30,5.3001,0,0,3
"316",30,0,0,30,7.6079,0,0,3
"317",29,3,0,32,8.4853,0,0,6
"318",32,0,0,32,9.1465,0,0,5
"319",32,0,0,32,8.0627,0,0,5
"320",32,0,0,32,8.7631,0,0,5
"321",32,0,0,32,8.8787,0,0,4
"322",31,0,0,31,7.395,0,0,4
"323",32,0,0,32,8.4239,0,0,4
"324",24,0,0,24,7.8711,0,1,3
"325",30,0,0,30,10.0313,0,0,4
"326",32,0,0,32,11.3386,0,0,5
"327",32,0,0,32,9.1422,0,0,5
"328",30,0,0,30,6.8068,0,0,3
"329",32,0,0,32,8.3996,0,0,5
"330",30,0,0,30,10.8797,0,0,3
"331",26,0,0,26,9.7957,0,1,4
"332",32,0,0,32,11.0252,0,0,5
"333",32,0,0,32,10.7899,0,0,5
"334",32,0,0,32,9.3587,0,0,5
"335",32,0,0,32,7.8581,0,0,5
"336",32,0,0,32,7.0964,0,0,5
"337",32,0,0,32,7.3444,0,0,5
"338",30,0,0,30,8.1767,0,0,4
"339",32,0,0,32,7.6483,0,0,5
"340",30,0,0,30,7.4858,0,0,5
"341",32,0,0,32,7.62,0,0,4
"342",32,0,0,32,8.4683,0,0,5
"343",31,0,0,31,7.354,0,0,5
"344",32,0,0,32,9.4452,0,0,5
"345",31,0,0,31,8.1811,0,0,5
"346",31,0,0,31,6.7051,0,0,4
"347",32,0,0,32,11.767,0,0,5
"348",32,0,0,32,10.5941,0,0,5
"349",29,3,0,32,8.7904,0,0,6
"350",32,0,0,32,7.7648,0,0,5
"351",30,0,0,30,8.2604,0,0,4
"352",32,0,0,32,13.1583,0,0,5
"353",32,0,0,32,10.1041,0,0,5
"354",30,0,0,30,8.9433,0,0,5
"355",29,3,0,32,8.7791,0,0,6
"356",32,0,0,32,8.955,0,0,5
"357",30,0,0,30,8.5817,0,0,4
"358",32,0,0,32,6.541,0,0,4
"359",32,0,0,32,11.4691,0,0,5
"360",32,0,0,32,9.5522,0,0,5
"361",30,0,0,30,10.815,0,0,5
"362",32,0,0,32,10.5765,0,0,5
"363",30,0,0,30,9.5679,0,0,4
"364",32,0,0,32,7.4415,0,0,4
"365",32,0,0,32,11.6405,0,0,4
"366",32,0,0,32,10.1438,0,0,4
"367",32,0,0,32,8.2914,0,0,4
"368",32,0,0,32,9.935,0,0,4
"369",30,0,0,30,10.3186,0,0,4
"370",32,0,0,32,8.9286,0,0,4
"371",31,0,0,31,9.2497,0,0,5
"372",31,0,0,31,7.564,0,0,4
"373",27,3,0,30,11.2825,0,0,5
"374",27,3,0,30,9.8151,0,0,5
"375",32,0,0,32,9.4699,0,0,5
"376",32,0,0,32,8.601,0,0,5
"377",32,0,0,32,7.7935,0,0,4
"378",32,0,0,32,7.4138,0,0,5
"379",30,0,0,30,7.4561,0,0,5
"380",30,0,0,30,7.2861,0,0,4
"381",32,0,0,32,9.6583,0,0,4
"382",32,0,0,32,7.4844,0,0,4
"383",32,0,0,32,10.9325,0,0,5
"384",30,0,0,30,10.1574,0,0,4
"385",32,0,0,32,9.2643,0,0,4
"386",30,0,0,30,7.8498,0,0,4
"387",32,0,0,32,11.9608,0,0,5
"388",30,0,0,30,10.4206,0,0,4
"389",30,0,0,30,8.6395,0,0,4
"390",32,0,0,32,8.4893,0,0,5
"391",32,0,0,32,13.2283,0,0,4
"392",32,0,0,32,11.6673,0,0,5
"393",30,0,0,30,10.1649,0,0,5
"394",31,0,0,31,9.9576,0,0,5
"395",32,0,0,32,9.4643,0,0,4
"396",32,0,0,32,9.6735,0,0,5
"397",30,0,0,30,10.7292,0,0,5
"398",32,0,0,32,10.3194,0,0,5
"399",30,0,0,30,9.0983,0,0,3
"400",30,0,0,30,9.2187,0,0,4
"401",32,0,0,32,14.6496,0,0,4
"402",32,0,0,32,10.2025,0,0,4
"403",32,0,0,32,7.8415,0,0,3
"404",32,0,0,32,8.4265,0,0,4
"405",32,0,0,32,7.3125,0,0,4
"406",32,0,0,32,9.2882,0,0,4
"407",30,0,0,30,7.8821,0,0,4
"408",21,0,0,21,9.3092,0,1,3
"409",30,0,0,30,9.4337,0,0,3
"410",30,0,0,30,7.6594,0,0,3
"411",32,0,0,32,9.3382,0,0,4
"412",32,0,0,32,6.9717,0,0,4
"413",31,0,0,31,9.815,0,0,4
"414",32,0,0,32,8.6327,0,0,5
"415",31,0,0,31,7.1573,0,0,5
"416",32,0,0,32,10.5441,0,0,5
"417",32,0,0,32,9.6864,0,0,4
"418",31,0,0,31,10.3552,0,0,5
"419",29,3,0,32,8.8584,0,0,5
"420",32,0,0,32,9.264,0,0,4
"421",32,0,0,32,10.3687,0,0,5
"422",32,0,0,32,8.656,0,0,5
"423",32,0,0,32,10.285,0,0,5
"424",30,0,0,30,9.9059,0,0,3
"425",30,0,0,30,9.9118,0,0,4
"426",30,0,0,30,6.5474,0,0,4
"427",32,0,0,32,6.1817,0,0,4
"428",24,0,0,24,7.1525,0,1,3
"429",30,0,0,30,9.1967,0,0,4
"430",30,0,0,30,9.1498,0,0,4
"431",32,0,0,32,7.0084,0,0,4
"432",32,0,0,32,6.5966,0,0,4
"433",32,0,0,32,8.8489,0,0,4
"434",29,3,0,32,11.6326,0,0,5
"435",31,0,0,31,10.6771,0,0,5
"436",32,0,0,32,8.1132,0,0,5
"437",32,0,0,32,8.9046,0,0,4
"438",32,0,0,32,8.3778,0,0,4
"439",32,0,0,32,10.5605,0,0,4
"440",30,0,0,30,7.5359,0,0,3
"441",30,0,0,30,9.5944,0,0,4
"442",32,0,0,32,9.2707,0,0,4
"443",32,0,0,32,6.8826,0,0,5
"444",32,0,0,32,7.3619,0,0,5
"445",27,3,0,30,10.2679,0,0,6
"446",30,0,0,30,9.1948,0,0,5
"447",31,0,0,31,8.5863,0,0,3
"448",32,0,0,32,10.657,0,0,5
"449",31,0,0,31,10.5843,0,0,4
"450",32,0,0,32,9.8707,0,0,5
"451",31,0,0,31,7.8762,0,0,4
"452",32,0,0,32,10.6557,0,0,5
"453",32,0,0,32,10.1947,0,0,5
"454",32,0,0,32,9.102,0,0,5
"455",27,3,0,30,10.0941,0,0,6
"456",29,3,0,32,9.7288,0,0,6
"457",31,0,0,31,8.4314,0,0,5
"458",32,0,0,32,8.7207,0,0,4
"459",32,0,0,32,7.2538,0,0,4
"460",12,0,0,12,4.9289,0,1,2
"461",12,0,0,12,5.1867,0,1,2
"462",30,0,0,30,8.2019,0,0,3
"463",31,0,0,31,11.97,0,0,4
"464",28,3,0,31,10.1625,0,0,6
"465",32,0,0,32,9.7946,0,0,5
"466",30,0,0,30,8.0659,0,0,4
"467",32,0,0,32,7.5808,0,0,4
"468",32,0,0,32,7.7087,0,0,4
"469",32,0,0,32,10.1757,0,0,5
"470",32,0,0,32,8.7205,0,0,5
"471",32,0,0,32,7.6218,0,0,5
"472",32,0,0,32,7.8613,0,0,5
"473",30,0,0,30,6.3922,0,0,4
"474",30,0,0,30,11.6984,0,0,5
"475",30,0,0,30,9.4239,0,0,4
"476",32,0,0,32,8.4288,0,0,5
"477",30,0,0,30,11.4527,0,0,4
"478",32,0,0,32,7.7842,0,0,4
"479",32,0,0,32,10.7431,0,0,3
"480",32,0,0,32,12.5386,0,0,4
"481",32,0,0,32,10.9878,0,0,4
"482",32,0,0,32,8.7854,0,0,4
"483",32,0,0,32,8.6949,0,0,5
"484",29,3,0,32,10.1187,0,0,6
"485",32,0,0,32,10.8229,0,0,4
"486",30,0,0,30,9.8157,0,0,4
"487",30,0,0,30,6.7097,0,0,4
"488",32,0,0,32,8.4013,0,0,5
"489",32,0,0,32,8.1955,0,0,4
"490",32,0,0,32,7.5977,0,0,5
"491",32,0,0,32,7.9082,0,0,5
"492",32,0,0,32,7.1036,0,0,5
"493",32,0,0,32,5.8499,0,0,4
"494",32,0,0,32,6.1672,0,0,4
"495",32,0,0,32,7.1899,0,0,4
"496",32,0,0,32,7.1874,0,0,4
"497",32,0,0,32,6.1035,0,0,4
"498",32,0,0,32,10.7721,0,0,4
"499",15,0,0,15,6.93,0,1,2
"500",32,0,0,32,9.4461,0,0,4
"501",30,0,0,30,9.8666,0,0,5
"502",30,0,0,30,10.8135,0,0,4
"503",30,0,0,30,6.7766,0,0,4
"504",32,0,0,32,10.7487,0,0,5
"505",32,0,0,32,10.1616,0,0,5
"506",32,0,0,32,8.7376,0,0,5
"507",32,0,0,32,8.6349,0,0,4
"508",32,0,0,32,12.4446,0,0,5
"509",32,0,0,32,8.8876,0,0,5
"510",32,0,0,32,9.1804,0,0,5
"511",30,0,0,30,9.5201,0,0,4
"512",32,0,0,32,8.7202,0,0,4
"513",32,0,0,32,6.8761,0,0,4
"514",30,0,0,30,6.1565,0,0,3
"515",31,0,0,31,9.3179,0,0,4
"516",30,0,0,30,6.8109,0,0,4
"517",30,0,0,30,9.0681,0,0,4
"518",32,0,0,32,7.8168,0,0,5
"519",29,3,0,32,11.1024,0,0,6
"520",32,0,0,32,9.9875,0,0,5
"521",30,0,0,30,7.8242,0,0,4
"522",29,3,0,32,11.9112,0,0,6
"523",29,3,0,32,11.8021,0,0,6
"524",30,0,0,30,10.6166,0,0,5
"525",32,0,0,32,9.5117,0,0,5
"526",27,0,0,27,11.0764,0,1,4
"527",32,0,0,32,11.1093,0,0,4
"528",30,0,0,30,9.4781,0,0,5
"529",32,0,0,32,8.6406,0,0,4
"530",32,0,0,32,8.0179,0,0,5
"531",32,0,0,32,7.3025,0,0,5
"532",32,0,0,32,7.5813,0,0,5
"533",30,0,0,30,8.9822,0,0,4
"534",32,0,0,32,9.9549,0,0,5
"535",32,0,0,32,8.2202,0,0,5
"536",32,0,0,32,9.0666,0,0,5
"537",32,0,0,32,10.6955,0,0,5
"538",30,0,0,30,9.7085,0,0,5
"539",32,0,0,32,8.9946,0,0,5
"540",32,0,0,32,7.4909,0,0,5
"541",32,0,0,32,9.3415,0,0,4
"542",32,0,0,32,9.5884,0,0,4
"543",32,0,0,32,8.5691,0,0,4
"544",32,0,0,32,11.529,0,0,4
"545",32,0,0,32,8.1389,0,0,4
"546",32,0,0,32,8.3142,0,0,5
"547",32,0,0,32,7.1294,0,0,5
"548",30,0,0,30,6.0612,0,0,4
"549",28,0,0,28,9.4203,0,1,4
"550",32,0,0,32,7.9223,0,0,4
"551",30,0,0,30,9.2075,0,0,4
"552",30,0,0,30,10.0157,0,0,4
"553",27,0,0,27,9.0533,0,1,3
"554",30,0,0,30,7.5844,0,0,4
"555",32,0,0,32,8.9038,0,0,4
"556",32,0,0,32,7.7706,0,0,3
"557",32,0,0,32,9.5626,0,0,3
"558",32,0,0,32,8.3727,0,0,4
"559",30,0,0,30,9.023,0,0,4
"560",31,0,0,31,9.657,0,0,4
"561",32,0,0,32,8.9962,0,0,4
"562",32,0,0,32,8.8623,0,0,5
"563",31,0,0,31,8.1547,0,0,5
"564",32,0,0,32,8.4755,0,0,5
"565",31,0,0,31,7.4664,0,0,5
"566",31,0,0,31,7.9404,0,0,4
"567",32,0,0,32,8.53,0,0,4
"568",31,0,0,31,6.4218,0,0,4
"569",32,0,0,32,8.2796,0,0,5
"570",32,0,0,32,6.313,0,0,4
"571",30,0,0,30,9.9156,0,0,5
"572",32,0,0,32,7.3916,0,0,4
"573",32,0,0,32,8.8877,0,0,5
"574",30,0,0,30,5.8098,0,0,3
"575",32,0,0,32,7.1076,0,0,4
"576",32,0,0,32,8.6682,0,0,5
"577",32,0,0,32,9.034,0,0,5
"578",32,0,0,32,9.9837,0,0,5
"579",32,0,0,32,7.0878,0,0,5
"580",30,0,0,30,10.6308,0,0,5
"581",32,0,0,32,10.0852,0,0,4
"582",32,0,0,32,8.7736,0,0,4
"583",32,0,0,32,6.0623,0,0,4
"584",32,0,0,32,7.1203,0,0,5
"585",32,0,0,32,6.944,0,0,5
"586",32,0,0,32,10.7184,0,0,5
"587",31,0,0,31,9.1963,0,0,5
"588",32,0,0,32,8.264,0,0,4
"589",32,0,0,32,9.1303,0,0,5
"590",32,0,0,32,9.6668,0,0,5
"591",29,3,0,32,8.076,0,0,6
"592",31,0,0,31,8.5064,0,0,4
"593",32,0,0,32,7.1872,0,0,4
"594",30,0,0,30,6.3236,0,0,3
"595",27,0,0,27,9.6,0,1,4
"596",32,0,0,32,11.1007,0,0,5
"597",30,0,0,30,10.2522,0,0,4
"598",32,0,0,32,8.9364,0,0,5
"599",32,0,0,32,9.4698,0,0,5
"600",30,0,0,30,8.389,0,0,4
"601",31,0,0,31,6.4773,0,0,4
"602",32,0,0,32,9.3051,0,0,5
"603",29,3,0,32,9.2833,0,0,6
"604",32,0,0,32,7.7961,0,0,5
"605",30,0,0,30,5.5996,0,0,4
"606",32,0,0,32,7.4193,0,0,5
"607",29,3,0,32,8.0602,0,0,6
"608",32,0,0,32,7.0863,0,0,5
"609",30,0,0,30,11.3641,0,0,3
"610",21,0,0,21,9.1255,0,1,2
"611",30,0,0,30,11.2732,0,0,5
"612",32,0,0,32,8.9132,0,0,5
"613",30,0,0,30,6.5887,0,0,3
"614",32,0,0,32,7.7198,0,0,4
"615",32,0,0,32,9.2375,0,0,5
"616",32,0,0,32,8.5344,0,0,5
"617",29,3,0,32,8.955,0,0,6
"618",30,0,0,30,7.649,0,0,5
"619",30,0,0,30,8.1842,0,0,4
"620",32,0,0,32,8.5272,0,0,4
"621",32,0,0,32,5.8452,0,0,4
"622",32,0,0,32,7.54,0,0,5
"623",29,3,0,32,10.8657,0,0,6
"624",30,0,0,30,9.9613,0,0,5
"625",32,0,0,32,7.4852,0,0,5
"626",30,0,0,30,10.5102,0,0,4
"627",30,0,0,30,10.1989,0,0,5
"628",32,0,0,32,12.7587,0,0,5
"629",30,0,0,30,7.3855,0,0,4
"630",28,3,0,31,10.6221,0,0,6
"631",29,0,0,29,9.7113,0,1,5
"632",32,0,0,32,10.0467,0,0,5
"633",32,0,0,32,8.8582,0,0,5
"634",30,0,0,30,8.773,0,0,5
"635",32,0,0,32,8.4439,0,0,4
"636",32,0,0,32,9.0313,0,0,4
"637",32,0,0,32,9.2304,0,0,4
"638",32,0,0,32,9.7983,0,0,5
"639",32,0,0,32,8.7971,0,0,4
"640",30,0,0,30,5.8538,0,0,4
"641",32,0,0,32,7.7496,0,0,5
"642",32,0,0,32,10.5238,0,0,4
"643",19,0,0,19,6.9621,0,1,4
"644",32,0,0,32,8.0442,0,0,5
"645",32,0,0,32,7.6118,0,0,4
"646",29,3,0,32,8.8819,0,0,6
"647",31,0,0,31,8.0838,0,0,5
"648",32,0,0,32,7.6856,0,0,5
"649",31,0,0,31,11.0242,0,0,4
"650",31,0,0,31,11.0304,0,0,5
"651",31,0,0,31,10.8282,0,0,4
"652",31,0,0,31,9.224,0,0,4
"653",32,0,0,32,7.3676,0,0,4
"654",32,0,0,32,11.6196,0,0,4
"655",32,0,0,32,8.73,0,0,5
"656",32,0,0,32,8.632,0,0,5
"657",32,0,0,32,7.984,0,0,4
"658",32,0,0,32,6.9047,0,0,4
"659",32,0,0,32,7.9569,0,0,5
"660",32,0,0,32,6.7373,0,0,4
"661",31,0,0,31,10.5619,0,0,4
"662",30,0,0,30,7.7778,0,0,4
"663",30,0,0,30,7.2881,0,0,3
"664",29,3,0,32,10.1289,0,0,5
"665",32,0,0,32,8.9691,0,0,4
"666",32,0,0,32,8.1562,0,0,4
"667",32,0,0,32,8.0365,0,0,3
"668",32,0,0,32,7.7286,0,0,5
"669",30,0,0,30,8.0555,0,0,3
"670",32,0,0,32,9.2882,0,0,3
"671",32,0,0,32,7.8762,0,0,5
"672",31,0,0,31,8.2629,0,0,5
"673",32,0,0,32,7.5019,0,0,5
"674",30,0,0,30,8.5939,0,0,5
"675",32,0,0,32,10.3678,0,0,5
"676",32,0,0,32,10.3497,0,0,4
"677",32,0,0,32,7.794,0,0,5
"678",30,0,0,30,9.6223,0,0,4
"679",30,0,0,30,6.7478,0,0,3
"680",32,0,0,32,8.1913,0,0,5
"681",31,0,0,31,7.6377,0,0,3
"682",29,3,0,32,8.1195,0,0,6
"683",32,0,0,32,7.6494,0,0,5
"684",32,0,0,32,9.3692,0,0,5
"685",31,0,0,31,9.2825,0,0,4
"686",30,0,0,30,11.3293,0,0,4
"687",27,0,0,27,11.3081,0,1,3
"688",30,0,0,30,7.9792,0,0,3
"689",31,0,0,31,8.3703,0,0,5
"690",32,0,0,32,11.1915,0,0,4
"691",31,0,0,31,10.6628,0,0,4
"692",32,0,0,32,9.7626,0,0,5
"693",32,0,0,32,10.7517,0,0,5
"694",26,0,0,26,9.5376,0,1,4
"695",32,0,0,32,8.2336,0,0,5
"696",32,0,0,32,11.032,0,0,5
"697",32,0,0,32,10.0077,0,0,5
"698",32,0,0,32,8.8231,0,0,5
"699",32,0,0,32,9.0156,0,0,5
"700",32,0,0,32,9.1706,0,0,5
"701",32,0,0,32,9.7385,0,0,5
"702",30,0,0,30,8.436,0,0,4
"703",31,0,0,31,12.6307,0,0,4
"704",31,0,0,31,11.4028,0,0,4
"705",30,0,0,30,10.0427,0,0,3
"706",31,0,0,31,8.7325,0,0,4
"707",29,0,0,29,6.9133,0,1,3
"708",32,0,0,32,9.3671,0,0,5
"709",32,0,0,32,7.5058,0,0,5
"710",31,0,0,31,8.8607,0,0,5
"711",32,0,0,32,9.8743,0,0,4
"712",32,0,0,32,8.522,0,0,4
"713",32,0,0,32,10.3692,0,0,4
"714",32,0,0,32,9.8657,0,0,4
"715",29,3,0,32,11.5212,0,0,6
"716",32,0,0,32,10.281,0,0,4
"717",32,0,0,32,9.3133,0,0,5
"718",31,0,0,31,7.4389,0,0,4
"719",29,3,0,32,10.3783,0,0,6
"720",32,0,0,32,7.5296,0,0,4
"721",30,0,0,30,9.4286,0,0,5
"722",32,0,0,32,7.8721,0,0,5
"723",30,0,0,30,8.1992,0,0,4
"724",32,0,0,32,10.0775,0,0,3
"725",32,0,0,32,7.9813,0,0,4
"726",32,0,0,32,8.3809,0,0,4
"727",29,3,0,32,9.4274,0,0,6
"728",31,0,0,31,9.6494,0,0,4
"729",30,0,0,30,6.3846,0,0,4
"730",32,0,0,32,8.1364,0,0,5
"731",29,3,0,32,9.5216,0,0,6
"732",32,0,0,32,10.2195,0,0,5
"733",30,0,0,30,9.2274,0,0,5
"734",28,3,0,31,9.3535,0,0,6
"735",26,6,0,32,11.0701,0,0,6
"736",29,3,0,32,9.5026,0,0,6
"737",32,0,0,32,8.3943,0,0,5
"738",30,0,0,30,6.014,0,0,4
"739",32,0,0,32,10.443,0,0,4
"740",32,0,0,32,9.4981,0,0,4
"741",31,0,0,31,7.5828,0,0,3
"742",30,0,0,30,7.8484,0,0,3
"743",32,0,0,32,10.1812,0,0,5
"744",32,0,0,32,9.8997,0,0,5
"745",30,0,0,30,10.7023,0,0,5
"746",30,0,0,30,10.4771,0,0,4
"747",32,0,0,32,7.2273,0,0,4
"748",32,0,0,32,7.4828,0,0,4
"749",32,0,0,32,8.371,0,0,3
"750",32,0,0,32,7.4575,0,0,4
"751",32,0,0,32,7.7166,0,0,3
"752",32,0,0,32,8.3888,0,0,3
"753",32,0,0,32,10.2638,0,0,5
"754",32,0,0,32,8.6755,0,0,5
"755",32,0,0,32,9.6525,0,0,5
"756",31,0,0,31,7.4628,0,0,4
"757",30,0,0,30,10.4303,0,0,4
"758",32,0,0,32,9.1173,0,0,5
"759",31,0,0,31,6.992,0,0,5
"760",32,0,0,32,6.6564,0,0,4
"761",30,0,0,30,8.7078,0,0,4
"762",30,0,0,30,8.8427,0,0,4
"763",32,0,0,32,9.1964,0,0,4
"764",30,0,0,30,8.1892,0,0,3
"765",32,0,0,32,8.2485,0,0,3
"766",31,0,0,31,9.8736,0,0,4
"767",32,0,0,32,8.1711,0,0,4
"768",31,0,0,31,7.9304,0,0,4
"769",32,0,0,32,9.7295,0,0,5
"770",32,0,0,32,11.4672,0,0,5
"771",30,0,0,30,8.0075,0,0,4
"772",29,3,0,32,8.1813,0,0,6
"773",32,0,0,32,7.4973,0,0,5
"774",32,0,0,32,7.6427,0,0,5
"775",32,0,0,32,5.7157,0,0,4
"776",30,0,0,30,6.9728,0,0,4
"777",32,0,0,32,9.0418,0,0,5
"778",31,0,0,31,7.8018,0,0,5
"779",29,3,0,32,11.4583,0,0,6
"780",32,0,0,32,9.7754,0,0,5
"781",29,3,0,32,11.0989,0,0,6
"782",31,0,0,31,9.6755,0,0,5
"783",32,0,0,32,7.5662,0,0,5
"784",29,3,0,32,8.7218,0,0,6
"785",32,0,0,32,7.7503,0,0,5
"786",32,0,0,32,7.9021,0,0,4
"787",32,0,0,32,7.5215,0,0,4
"788",31,0,0,31,7.5085,0,0,5
"789",32,0,0,32,7.993,0,0,5
"790",30,0,0,30,8.6096,0,0,4
"791",32,0,0,32,8.6991,0,0,4
"792",32,0,0,32,8.1857,0,0,4
"793",31,0,0,31,10.2787,0,0,4
"794",32,0,0,32,8.4125,0,0,5
"795",29,3,0,32,9.9279,0,0,6
"796",32,0,0,32,8.4216,0,0,5
"797",32,0,0,32,9.1486,0,0,5
"798",30,0,0,30,8.1882,0,0,4
"799",32,0,0,32,7.3535,0,0,4
"800",32,0,0,32,9.7774,0,0,4
"801",32,0,0,32,10.0397,0,0,5
"802",32,0,0,32,9.1632,0,0,5
"803",32,0,0,32,7.5041,0,0,4
"804",32,0,0,32,7.7245,0,0,4
"805",32,0,0,32,6.8196,0,0,5
"806",30,0,0,30,6.9393,0,0,4
"807",30,0,0,30,10.1123,0,0,5
"808",32,0,0,32,7.3239,0,0,5
"809",32,0,0,32,7.8107,0,0,5
"810",32,0,0,32,8.1849,0,0,5
"811",29,3,0,32,14.3169,0,0,6
"812",32,0,0,32,11.2144,0,0,4
"813",31,0,0,31,12.3763,0,0,5
"814",26,6,0,32,9.8064,0,0,6
"815",26,6,0,32,9.6299,0,0,6
"816",29,3,0,32,8.8967,0,0,6
"817",30,0,0,30,7.4987,0,0,5
"818",32,0,0,32,8.8961,0,0,5
"819",32,0,0,32,6.9668,0,0,5
"820",32,0,0,32,7.8464,0,0,5
"821",30,0,0,30,6.3571,0,0,4
"822",32,0,0,32,8.3001,0,0,4
"823",30,0,0,30,10.1099,0,0,4
"824",30,0,0,30,9.0595,0,0,3
"825",30,0,0,30,7.0508,0,0,4
"826",29,3,0,32,10.9504,0,0,6
"827",31,0,0,31,9.2641,0,0,5
"828",32,0,0,32,8.176,0,0,5
"829",32,0,0,32,10.5619,0,0,5
"830",29,3,0,32,9.7933,0,0,6
"831",32,0,0,32,9.0964,0,0,5
"832",32,0,0,32,8.6355,0,0,5
"833",30,0,0,30,9.5782,0,0,4
"834",30,0,0,30,10.1738,0,0,4
"835",32,0,0,32,8.0646,0,0,4
"836",30,0,0,30,7.2454,0,0,4
"837",32,0,0,32,10.2872,0,0,5
"838",31,0,0,31,9.5242,0,0,5
"839",29,3,0,32,8.6593,0,0,6
"840",32,0,0,32,7.4601,0,0,5
"841",32,0,0,32,7.5736,0,0,4
"842",32,0,0,32,8.208,0,0,4
"843",30,0,0,30,9.0169,0,0,4
"844",32,0,0,32,9.4842,0,0,5
"845",31,0,0,31,8.293,0,0,5
"846",32,0,0,32,7.6889,0,0,4
"847",32,0,0,32,6.1015,0,0,4
"848",32,0,0,32,8.4044,0,0,4
"849",32,0,0,32,11.214,0,0,5
"850",30,0,0,30,6.4378,0,0,4
"851",32,0,0,32,6.2423,0,0,4
"852",32,0,0,32,8.8297,0,0,5
"853",32,0,0,32,8.7035,0,0,5
"854",30,0,0,30,9.1891,0,0,3
"855",24,0,0,24,7.6581,0,1,3
"856",24,0,0,24,8.021,0,1,3
"857",32,0,0,32,7.0324,0,0,3
"858",32,0,0,32,8.6586,0,0,4
"859",32,0,0,32,11.9249,0,0,4
"860",24,0,0,24,10.7253,0,1,3
"861",32,0,0,32,10.0824,0,0,3
"862",32,0,0,32,7.7715,0,0,4
"863",28,3,0,31,8.5841,0,0,5
"864",27,0,0,27,8.2971,0,1,4
"865",27,0,0,27,8.6451,0,1,4
"866",32,0,0,32,8.44,0,0,4
"867",30,0,0,30,10.1623,0,0,4
"868",32,0,0,32,8.8573,0,0,5
"869",32,0,0,32,7.0887,0,0,5
"870",25,6,0,31,11.9276,0,0,5
"871",30,0,0,30,12.4272,0,0,5
"872",32,0,0,32,11.3661,0,0,4
"873",32,0,0,32,9.692,0,0,5
"874",32,0,0,32,9.2495,0,0,5
"875",32,0,0,32,8.7405,0,0,4
"876",30,0,0,30,8.1015,0,0,3
"877",32,0,0,32,7.9577,0,0,4
"878",30,0,0,30,10.2056,0,0,4
"879",32,0,0,32,8.8226,0,0,4
"880",30,0,0,30,8.7122,0,0,4
"881",29,3,0,32,10.0389,0,0,6
"882",32,0,0,32,8.9919,0,0,5
"883",32,0,0,32,8.3343,0,0,5
"884",32,0,0,32,9.1634,0,0,4
"885",31,0,0,31,10.9721,0,0,4
"886",29,0,0,29,8.5625,0,1,4
"887",26,0,0,26,7.6751,0,1,3
"888",32,0,0,32,8.0145,0,0,4
"889",32,0,0,32,9.6446,0,0,5
"890",29,3,0,32,8.4386,0,0,6
"891",30,0,0,30,7.5971,0,0,5
"892",32,0,0,32,8.5188,0,0,4
"893",32,0,0,32,8.7107,0,0,5
"894",26,6,0,32,9.385,0,0,6
"895",32,0,0,32,8.5756,0,0,5
"896",32,0,0,32,10.579,0,0,5
"897",31,0,0,31,7.4157,0,0,4
"898",32,0,0,32,7.4553,0,0,4
"899",32,0,0,32,9.577,0,0,5
"900",31,0,0,31,8.3374,0,0,4
"901",32,0,0,32,8.1739,0,0,4
"902",27,0,0,27,7.7659,0,1,3
"903",32,0,0,32,8.5467,0,0,4
"904",32,0,0,32,8.7536,0,0,4
"905",30,0,0,30,7.1531,0,0,4
"906",32,0,0,32,12.7144,0,0,5
"907",30,0,0,30,8.7476,0,0,5
"908",32,0,0,32,11.7159,0,0,5
"909",32,0,0,32,9.6483,0,0,5
"910",30,0,0,30,8.492,0,0,4
"911",32,0,0,32,7.693,0,0,4
"912",26,6,0,32,11.3817,0,0,5
"913",32,0,0,32,9.3062,0,0,4
"914",32,0,0,32,10.6294,0,0,5
"915",29,3,0,32,8.9196,0,0,6
"916",32,0,0,32,8.0227,0,0,5
"917",29,3,0,32,8.9253,0,0,6
"918",28,3,0,31,9.1265,0,0,6
"919",32,0,0,32,8.0868,0,0,5
"920",24,0,0,24,7.6586,0,1,3
"921",31,0,0,31,7.246,0,0,5
"922",31,0,0,31,7.2197,0,0,4
"923",31,0,0,31,7.085,0,0,5
"924",32,0,0,32,6.2984,0,0,5
"925",31,0,0,31,8.9848,0,0,5
"926",32,0,0,32,8.4313,0,0,4
"927",32,0,0,32,7.0778,0,0,4
"928",32,0,0,32,7.5403,0,0,4
"929",30,0,0,30,7.4801,0,0,4
"930",32,0,0,32,10.4551,0,0,5
"931",32,0,0,32,6.4209,0,0,4
"932",32,0,0,32,9.4803,0,0,4
"933",32,0,0,32,8.1171,0,0,4
"934",32,0,0,32,8.0585,0,0,4
"935",32,0,0,32,9.1323,0,0,5
"936",32,0,0,32,7.0011,0,0,4
"937",31,0,0,31,7.6321,0,0,5
"938",29,3,0,32,9.7333,0,0,6
"939",32,0,0,32,13.1557,0,0,5
"940",32,0,0,32,12.3202,0,0,4
"941",32,0,0,32,9.2384,0,0,5
"942",32,0,0,32,8.2159,0,0,5
"943",32,0,0,32,7.7551,0,0,5
"944",31,0,0,31,8.0232,0,0,5
"945",32,0,0,32,6.7982,0,0,5
"946",30,0,0,30,8.06,0,0,4
"947",30,0,0,30,8.4757,0,0,4
"948",32,0,0,32,6.1631,0,0,4
"949",32,0,0,32,10.2929,0,0,5
"950",32,0,0,32,7.5514,0,0,4
"951",30,0,0,30,8.5858,0,0,5
"952",32,0,0,32,7.8072,0,0,5
"953",32,0,0,32,6.7415,0,0,4
"954",32,0,0,32,10.5022,0,0,5
"955",32,0,0,32,10.6194,0,0,5
"956",31,0,0,31,9.4578,0,0,4
"957",32,0,0,32,7.8166,0,0,4
"958",32,0,0,32,8.566,0,0,4
"959",28,3,0,31,10.5774,0,0,6
"960",29,3,0,32,9.4018,0,0,6
"961",32,0,0,32,9.2918,0,0,5
"962",32,0,0,32,7.8938,0,0,5
"963",32,0,0,32,11.5135,0,0,4
"964",32,0,0,32,10.0865,0,0,4
"965",32,0,0,32,7.8525,0,0,4
"966",30,0,0,30,7.9222,0,0,3
"967",32,0,0,32,10.6354,0,0,4
"968",30,0,0,30,7.466,0,0,5
"969",32,0,0,32,7.2538,0,0,5
"970",31,0,0,31,11.8825,0,0,3
"971",31,0,0,31,11.8817,0,0,4
"972",27,0,0,27,7.5642,0,1,4
"973",24,0,0,24,6.6963,0,1,3
"974",32,0,0,32,10.0972,0,0,4
"975",32,0,0,32,9.6218,0,0,4
"976",30,0,0,30,9.9038,0,0,4
"977",32,0,0,32,11.5426,0,0,4
"978",32,0,0,32,11.746,0,0,4
"979",32,0,0,32,9.8232,0,0,4
"980",32,0,0,32,9.5336,0,0,5
"981",32,0,0,32,9.1152,0,0,4
"982",32,0,0,32,7.8575,0,0,4
"983",32,0,0,32,7.8241,0,0,4
"984",30,0,0,30,6.2587,0,0,4
"985",30,0,0,30,9.3263,0,0,3
"986",32,0,0,32,7.826,0,0,4
"987",31,0,0,31,7.2969,0,0,3
"988",18,0,0,18,8.0756,0,1,3
"989",15,0,0,15,6.7873,0,1,2
"990",30,0,0,30,12.0739,0,0,3
"991",32,0,0,32,11.1945,0,0,5
"992",30,0,0,30,10.4745,0,0,4
"993",32,0,0,32,10.2622,0,0,3
"994",31,0,0,31,8.0903,0,0,3
"995",32,0,0,32,9.2915,0,0,4
"996",32,0,0,32,11.5547,0,0,4
"997",32,0,0,32,9.9973,0,0,4
"998",32,0,0,32,9.3631,0,0,4
"999",32,0,0,32,10.0021,0,0,4
"1000",30,0,0,30,8.5432,0,0,4
