"","N_under_dosing","N_MTD","N_over_dosing","Pts","Length","Safety_stop","Sufficient_info","MTD"
"1",15,5,11,31,10.8346,0,0,4
"2",13,5,14,32,9.586,0,0,4
"3",6,12,14,32,11.3666,0,0,4
"4",14,12,6,32,8.7863,0,0,4
"5",11,6,15,32,7.3865,0,0,5
"6",15,12,3,30,8.4038,0,0,4
"7",22,9,0,31,11.6439,0,0,3
"8",22,9,0,31,10.7077,0,0,3
"9",15,9,0,24,9.3248,0,1,3
"10",12,6,0,18,7.9251,0,1,2
"11",12,0,0,12,5.216,0,1,2
"12",30,0,0,30,10.7995,0,0,2
"13",24,6,0,30,10.1381,0,0,3
"14",15,11,6,32,9.1145,0,0,4
"15",15,9,0,24,9.3492,0,1,3
"16",21,0,0,21,8.8624,0,1,2
"17",26,6,0,32,9.5623,0,0,3
"18",21,9,0,30,10.0244,0,0,3
"19",18,12,0,30,9.6697,0,0,3
"20",24,6,0,30,6.5459,0,0,2
"21",21,9,0,30,12.6509,0,0,3
"22",24,6,0,30,9.188,0,0,3
"23",9,0,0,9,4.3645,0,1,1
"24",24,6,0,30,10.5304,0,0,3
"25",28,3,0,31,9.4958,0,0,3
"26",18,10,3,31,10.1598,0,0,3
"27",21,9,0,30,10.8145,0,0,2
"28",18,12,0,30,11.1893,0,0,2
"29",12,3,0,15,5.8639,0,1,2
"30",30,0,0,30,9.8243,0,0,1
"31",18,9,0,27,9.4386,0,1,2
"32",9,0,0,9,3.5353,0,1,1
"33",22,0,0,22,8.8646,0,1,1
"34",19,0,0,19,6.954,0,1,1
"35",15,0,0,15,7.153,0,1,1
"36",9,0,0,9,3.4335,0,1,1
"37",9,0,0,9,5.4848,0,1,1
"38",24,5,3,32,12.3194,0,0,4
"39",25,4,3,32,10.2451,0,0,3
"40",27,3,0,30,7.2139,0,0,3
"41",27,3,0,30,7.4251,0,0,3
"42",24,0,0,24,9.8765,0,1,2
"43",17,12,3,32,11.0841,0,0,3
"44",15,12,3,30,10.0328,0,0,3
"45",21,8,3,32,11.5498,0,0,3
"46",18,10,3,31,10.695,0,0,3
"47",15,11,3,29,9.0673,0,1,4
"48",15,11,3,29,7.5787,0,1,4
"49",19,10,3,32,7.3595,0,0,3
"50",6,15,9,30,12.7544,0,0,3
"51",15,9,0,24,10.1999,0,1,3
"52",9,0,0,9,3.7763,0,1,1
"53",15,9,0,24,8.7728,0,1,3
"54",24,6,0,30,6.8969,0,0,3
"55",12,0,0,12,4.8713,0,1,2
"56",23,9,0,32,12.1695,0,0,3
"57",20,9,0,29,11.8618,0,1,3
"58",26,6,0,32,8.9128,0,0,3
"59",6,9,0,15,6.8045,0,1,3
"60",12,0,0,12,5.7191,0,1,2
"61",15,3,0,18,7.193,0,1,3
"62",21,9,0,30,10.8474,0,0,3
"63",18,9,0,27,9.6361,0,1,3
"64",18,6,0,24,8.3524,0,1,2
"65",21,9,0,30,13.059,0,0,3
"66",6,9,0,15,6.3724,0,1,3
"67",24,6,0,30,11.5301,0,0,2
"68",24,6,0,30,8.8441,0,0,3
"69",14,12,6,32,7.8322,0,0,3
"70",15,9,0,24,7.1259,0,1,3
"71",21,0,0,21,6.3081,0,1,2
"72",6,13,3,22,6.8288,0,1,3
"73",18,12,0,30,11.3911,0,0,3
"74",24,6,0,30,11.6724,0,0,2
"75",6,17,9,32,10.3268,0,0,3
"76",21,3,0,24,7.04,0,1,2
"77",9,14,3,26,7.5765,0,1,3
"78",6,14,3,23,6.4038,0,1,3
"79",27,3,0,30,10.8139,0,0,3
"80",18,0,0,18,7.9321,0,1,1
"81",27,3,0,30,9.0594,0,0,2
"82",12,3,0,15,6.645,0,1,2
"83",12,0,0,12,6.4954,0,1,1
"84",21,0,0,21,6.7418,0,1,2
"85",21,9,0,30,10.2074,0,0,2
"86",21,9,0,30,9.457,0,0,2
"87",16,0,0,16,7.1237,0,1,1
"88",24,6,0,30,6.512,0,0,3
"89",24,6,0,30,10.5733,0,0,3
"90",21,9,0,30,11.1585,0,0,2
"91",24,6,0,30,6.8055,0,0,3
"92",12,0,0,12,5.1181,0,1,2
"93",18,3,0,21,7.3663,0,1,2
"94",27,3,0,30,9.6979,0,0,3
"95",20,12,0,32,10.1182,0,0,3
"96",18,11,3,32,9.4956,0,0,3
"97",15,12,3,30,8.033,0,0,4
"98",23,9,0,32,9.457,0,0,2
"99",9,0,0,9,4.5727,0,1,1
"100",17,0,0,17,3.8589,0,1,1
"101",22,9,0,31,11.0961,0,0,2
"102",24,6,0,30,8.3999,0,0,3
"103",15,9,0,24,7.794,0,1,3
"104",24,6,0,30,7.5808,0,0,3
"105",6,11,3,20,6.6736,0,1,3
"106",15,12,3,30,8.7609,0,0,3
"107",16,9,0,25,8.6315,0,1,3
"108",24,6,0,30,9.1467,0,0,3
"109",13,12,6,31,8.5762,0,0,4
"110",6,12,14,32,10.7003,0,0,3
"111",18,11,3,32,9.8351,0,0,3
"112",18,6,0,24,12.5289,0,1,2
"113",26,6,0,32,10.4554,0,0,2
"114",25,6,0,31,8.7563,0,0,3
"115",14,12,6,32,8.9475,0,0,4
"116",24,6,0,30,8.4594,0,0,3
"117",6,9,0,15,7.1891,0,1,3
"118",15,9,0,24,8.8482,0,1,3
"119",15,9,0,24,7.4038,0,1,3
"120",14,12,6,32,10.1929,0,0,4
"121",15,8,9,32,9.1797,0,0,4
"122",24,6,0,30,10.5279,0,0,2
"123",24,6,0,30,9.7577,0,0,2
"124",19,9,3,31,10.8602,0,0,2
"125",24,3,0,27,9.5371,0,1,3
"126",26,6,0,32,8.1036,0,0,3
"127",25,6,0,31,6.7722,0,0,3
"128",21,0,0,21,8.5496,0,1,1
"129",29,3,0,32,9.3182,0,0,2
"130",21,0,0,21,5.5709,0,1,2
"131",19,7,6,32,9.1573,0,0,4
"132",16,10,6,32,9.0762,0,0,4
"133",14,12,6,32,8.6024,0,0,4
"134",14,12,6,32,7.5032,0,0,4
"135",15,11,6,32,10.7825,0,0,3
"136",15,11,6,32,8.6562,0,0,3
"137",15,9,0,24,9.6067,0,1,3
"138",15,9,0,24,9.6772,0,1,3
"139",21,9,0,30,11.4443,0,0,2
"140",21,9,0,30,9.3933,0,0,3
"141",24,6,0,30,8.4537,0,0,3
"142",15,11,6,32,10.069,0,0,3
"143",24,6,0,30,5.9007,0,0,3
"144",27,3,0,30,9.4463,0,0,2
"145",21,8,3,32,12.4996,0,0,3
"146",27,3,0,30,10.5726,0,0,3
"147",24,5,3,32,9.9531,0,0,2
"148",18,3,0,21,8.6139,0,1,3
"149",15,0,0,15,5.9036,0,1,2
"150",24,0,0,24,9.7696,0,1,2
"151",24,0,0,24,8.1912,0,1,2
"152",24,6,0,30,8.7224,0,0,2
"153",21,9,0,30,12.2475,0,0,3
"154",24,6,0,30,7.7859,0,0,3
"155",15,9,0,24,6.8178,0,1,3
"156",24,6,0,30,8.9963,0,0,3
"157",24,6,0,30,7.425,0,0,3
"158",21,9,0,30,13.0059,0,0,2
"159",21,9,0,30,11.2043,0,0,3
"160",21,0,0,21,8.572,0,1,2
"161",19,9,0,28,7.8554,0,1,3
"162",14,3,0,17,7.4342,0,1,2
"163",20,9,3,32,10.6184,0,0,4
"164",25,4,3,32,10.1274,0,0,3
"165",15,14,3,32,9.2737,0,0,3
"166",15,14,3,32,8.3151,0,0,3
"167",15,9,0,24,10.865,0,1,3
"168",21,0,0,21,8.2889,0,1,2
"169",23,9,0,32,7.2723,0,0,3
"170",15,12,3,30,9.7692,0,0,4
"171",15,12,3,30,7.6616,0,0,3
"172",21,0,0,21,7.4841,0,1,2
"173",24,6,0,30,11.906,0,0,2
"174",15,3,0,18,4.5233,0,1,2
"175",24,6,0,30,7.7812,0,0,2
"176",21,9,0,30,10.9127,0,0,2
"177",24,6,0,30,8.9034,0,0,3
"178",15,12,3,30,7.4957,0,0,3
"179",22,9,0,31,10.6423,0,0,3
"180",24,6,0,30,11.6779,0,0,2
"181",21,9,0,30,12.5684,0,0,3
"182",21,9,0,30,11.4222,0,0,3
"183",24,6,0,30,10.9463,0,0,3
"184",24,6,0,30,9.5318,0,0,3
"185",24,5,3,32,9.6995,0,0,3
"186",24,6,0,30,7.7856,0,0,3
"187",24,6,0,30,6.7367,0,0,3
"188",27,3,0,30,6.1898,0,0,3
"189",27,0,0,27,10.5301,0,1,1
"190",23,6,3,32,7.495,0,0,3
"191",9,0,0,9,4.4844,0,1,1
"192",15,10,7,32,8.7665,0,0,5
"193",13,10,9,32,7.6377,0,0,5
"194",13,10,8,31,8.5943,0,0,5
"195",13,8,11,32,9.1284,0,0,5
"196",12,11,9,32,8.5135,0,0,4
"197",20,9,3,32,7.7013,0,0,3
"198",21,9,0,30,10.9302,0,0,3
"199",15,10,6,31,7.7561,0,0,3
"200",15,12,3,30,10.4385,0,0,4
"201",18,9,3,30,11.1457,0,0,4
"202",23,6,0,29,7.0182,0,1,3
"203",15,12,3,30,7.8393,0,0,4
"204",13,12,6,31,10.0555,0,0,3
"205",11,15,6,32,9.073,0,0,3
"206",15,12,3,30,10.8326,0,0,4
"207",13,8,9,30,8.3445,0,0,4
"208",21,9,0,30,11.0198,0,0,3
"209",18,12,0,30,10.9426,0,0,3
"210",15,11,3,29,7.5742,0,1,3
"211",15,11,6,32,8.8124,0,0,4
"212",15,11,6,32,8.382,0,0,5
"213",9,0,0,9,3.7976,0,1,1
"214",9,0,0,9,5.0225,0,1,1
"215",17,12,3,32,6.8519,0,0,3
"216",18,11,3,32,11.3188,0,0,3
"217",24,5,3,32,9.3171,0,0,3
"218",15,9,8,32,11.7575,0,0,4
"219",15,9,8,32,10.561,0,0,4
"220",6,12,14,32,8.8775,0,0,4
"221",15,12,3,30,7.8627,0,0,4
"222",18,9,0,27,10.703,0,1,3
"223",18,6,0,24,6.8139,0,1,2
"224",27,3,0,30,7.8409,0,0,3
"225",15,8,9,32,9.4433,0,0,4
"226",17,9,6,32,8.3073,0,0,4
"227",14,10,6,30,7.7321,0,0,4
"228",21,0,0,21,7.7587,0,1,2
"229",24,6,0,30,10.6835,0,0,3
"230",27,0,0,27,13.1036,0,1,2
"231",12,0,0,12,6.1968,0,1,2
"232",12,0,0,12,5.9449,0,1,2
"233",23,0,0,23,7.2296,0,1,1
"234",21,0,0,21,5.4951,0,1,1
"235",18,8,6,32,11.7096,0,0,4
"236",15,11,6,32,10.8432,0,0,4
"237",15,11,6,32,8.9492,0,0,4
"238",12,0,0,12,5.4963,0,1,2
"239",15,14,3,32,11.1696,0,0,3
"240",6,15,6,27,9.3123,0,1,3
"241",15,12,3,30,10.6576,0,0,3
"242",12,0,0,12,6.0484,0,1,2
"243",24,5,3,32,9.0482,0,0,4
"244",21,9,0,30,8.9283,0,0,2
"245",24,6,0,30,7.563,0,0,2
"246",18,6,0,24,7.9849,0,1,2
"247",21,0,0,21,6.8331,0,1,1
"248",15,12,0,27,11.8389,0,1,3
"249",9,0,0,9,4.0652,0,1,1
"250",26,6,0,32,12.3758,0,0,2
"251",24,6,0,30,11.5066,0,0,2
"252",24,6,0,30,9.8322,0,0,2
"253",21,9,0,30,12.7151,0,0,2
"254",12,0,0,12,5.912,0,1,2
"255",21,6,0,27,10.2733,0,1,2
"256",26,6,0,32,7.3054,0,0,2
"257",18,11,3,32,12.3282,0,0,4
"258",26,6,0,32,8.9229,0,0,2
"259",25,6,0,31,8.9355,0,0,3
"260",21,8,3,32,9.6958,0,0,3
"261",10,9,13,32,8.9786,0,0,4
"262",13,15,3,31,8.6409,0,0,3
"263",23,9,0,32,7.3802,0,0,3
"264",24,6,0,30,7.2324,0,0,3
"265",21,9,0,30,10.4915,0,0,3
"266",21,9,0,30,10.2378,0,0,3
"267",15,11,6,32,8.8503,0,0,4
"268",14,10,6,30,8.059,0,0,4
"269",29,3,0,32,10.9523,0,0,3
"270",24,3,0,27,10.7808,0,1,3
"271",24,3,0,27,8.1003,0,1,3
"272",24,3,0,27,6.8203,0,1,3
"273",12,0,0,12,5.5329,0,1,2
"274",18,12,0,30,12.3803,0,0,3
"275",24,6,0,30,7.2749,0,0,3
"276",25,6,0,31,10.506,0,0,3
"277",18,3,0,21,5.4292,0,1,2
"278",21,0,0,21,8.0817,0,1,2
"279",24,5,3,32,11.3156,0,0,3
"280",24,6,0,30,5.9926,0,0,3
"281",14,12,6,32,9.591,0,0,3
"282",14,12,6,32,9.0479,0,0,3
"283",14,3,0,17,6.3091,0,1,3
"284",15,12,3,30,9.8343,0,0,4
"285",14,12,6,32,10.2617,0,0,4
"286",21,6,0,27,9.5005,0,1,2
"287",18,6,0,24,7.9613,0,1,2
"288",18,3,0,21,6.9513,0,1,2
"289",23,3,0,26,5.6161,0,1,2
"290",18,6,0,24,7.5531,0,1,2
"291",12,0,0,12,5.5753,0,1,2
"292",24,6,0,30,8.209,0,0,3
"293",14,3,0,17,5.4806,0,1,2
"294",27,3,0,30,12.2821,0,0,3
"295",24,6,0,30,6.7379,0,0,3
"296",24,0,0,24,8.5687,0,1,2
"297",24,3,0,27,8.5753,0,1,3
"298",24,3,0,27,7.3511,0,1,3
"299",15,3,0,18,5.769,0,1,3
"300",15,13,3,31,7.8264,0,0,4
"301",23,9,0,32,11.3699,0,0,3
"302",24,6,0,30,10.7443,0,0,2
"303",21,9,0,30,11.5844,0,0,3
"304",18,9,0,27,10.6693,0,1,3
"305",27,3,0,30,6.9275,0,0,2
"306",6,15,6,27,10.6064,0,1,3
"307",23,0,0,23,8.8618,0,1,1
"308",24,5,3,32,11.1935,0,0,4
"309",27,3,0,30,6.7486,0,0,2
"310",26,6,0,32,9.1181,0,0,2
"311",23,6,3,32,7.2442,0,0,4
"312",15,9,0,24,8.0786,0,1,3
"313",21,9,0,30,11.6605,0,0,2
"314",30,0,0,30,11.2308,0,0,2
"315",30,0,0,30,8.8415,0,0,2
"316",24,6,0,30,7.4733,0,0,2
"317",18,10,3,31,9.2745,0,0,4
"318",19,10,3,32,9.5548,0,0,3
"319",13,7,12,32,8.0627,0,0,3
"320",21,9,0,30,11.7599,0,0,2
"321",24,6,0,30,10.4973,0,0,2
"322",24,6,0,30,8.8043,0,0,2
"323",18,9,0,27,7.9887,0,1,2
"324",18,0,0,18,8.8822,0,1,1
"325",30,0,0,30,10.6432,0,0,2
"326",30,0,0,30,9.0716,0,0,2
"327",22,5,3,30,8.986,0,0,4
"328",22,5,3,30,7.963,0,0,4
"329",15,12,3,30,9.3514,0,0,3
"330",21,0,0,21,8.3439,0,1,1
"331",15,0,0,15,6.5564,0,1,1
"332",15,9,0,24,10.4463,0,1,3
"333",20,0,0,20,7.1726,0,1,2
"334",21,0,0,21,5.3656,0,1,2
"335",17,12,3,32,7.8581,0,0,3
"336",15,12,3,30,8.8206,0,0,4
"337",15,11,6,32,8.6755,0,0,5
"338",13,3,0,16,5.4264,0,1,2
"339",24,6,0,30,9.7043,0,0,3
"340",21,7,3,31,7.4178,0,0,3
"341",19,10,3,32,7.62,0,0,3
"342",15,11,6,32,10.0652,0,0,3
"343",15,11,6,32,9.0125,0,0,3
"344",24,6,0,30,9.6924,0,0,3
"345",15,12,3,30,9.3762,0,0,4
"346",16,12,3,31,6.7051,0,0,4
"347",22,7,3,32,5.9817,0,0,4
"348",24,5,3,32,11.4328,0,0,4
"349",18,11,3,32,10.5116,0,0,4
"350",15,11,6,32,8.2684,0,0,5
"351",27,3,0,30,8.6457,0,0,3
"352",12,0,0,12,6.3937,0,1,2
"353",12,0,0,12,5.5686,0,1,2
"354",14,12,6,32,10.8923,0,0,4
"355",14,12,6,32,8.673,0,0,4
"356",27,0,0,27,10.7827,0,1,2
"357",27,0,0,27,10.0207,0,1,2
"358",21,0,0,21,9.5353,0,1,2
"359",26,6,0,32,5.3211,0,0,2
"360",17,3,0,20,7.5055,0,1,3
"361",18,11,3,32,8.9268,0,0,4
"362",23,9,0,32,11.0134,0,0,3
"363",20,12,0,32,10.7675,0,0,3
"364",24,6,0,30,9.702,0,0,3
"365",9,0,0,9,4.6125,0,1,1
"366",12,0,0,12,6.2113,0,1,2
"367",21,0,0,21,6.4309,0,1,2
"368",18,6,0,24,7.5589,0,1,3
"369",12,0,0,12,5.387,0,1,2
"370",24,6,0,30,9.065,0,0,3
"371",13,3,0,16,5.7438,0,1,3
"372",21,0,0,21,6.2801,0,1,2
"373",12,0,0,12,5.1825,0,1,2
"374",21,0,0,21,4.9578,0,1,2
"375",15,10,3,28,9.3618,0,1,3
"376",19,10,3,32,7.8635,0,0,3
"377",22,3,0,25,7.7825,0,1,2
"378",14,12,6,32,7.2651,0,0,4
"379",12,8,12,32,7.6406,0,0,4
"380",27,0,0,27,9.289,0,1,2
"381",24,0,0,24,8.073,0,1,2
"382",24,6,0,30,6.6728,0,0,3
"383",18,3,0,21,8.9923,0,1,2
"384",27,3,0,30,10.959,0,0,3
"385",27,3,0,30,8.7615,0,0,3
"386",15,12,3,30,10.321,0,0,3
"387",18,11,3,32,11.9608,0,0,4
"388",15,12,3,30,10.7428,0,0,4
"389",23,9,0,32,11.3181,0,0,3
"390",26,0,0,26,9.4672,0,1,2
"391",24,6,0,30,9.6964,0,0,3
"392",15,9,0,24,9.7399,0,1,3
"393",6,12,14,32,13.6283,0,0,4
"394",15,10,7,32,12.417,0,0,5
"395",15,12,3,30,9.1588,0,0,3
"396",15,11,6,32,9.5538,0,0,4
"397",23,6,3,32,7.5207,0,0,4
"398",15,11,6,32,9.9227,0,0,4
"399",24,6,0,30,8.926,0,0,3
"400",12,0,0,12,5.571,0,1,2
"401",9,0,0,9,4.9214,0,1,1
"402",24,6,0,30,8.6165,0,0,2
"403",20,9,3,32,9.2554,0,0,3
"404",15,13,3,31,9.4248,0,0,4
"405",16,3,0,19,4.5879,0,1,2
"406",9,0,0,9,4.3141,0,1,1
"407",24,0,0,24,10.6196,0,1,2
"408",9,0,0,9,4.3736,0,1,1
"409",30,0,0,30,9.9791,0,0,2
"410",24,6,0,30,7.5605,0,0,3
"411",9,0,0,9,4.559,0,1,1
"412",21,0,0,21,5.2683,0,1,2
"413",15,0,0,15,7.2294,0,1,2
"414",24,6,0,30,11.5982,0,0,3
"415",21,0,0,21,6.2932,0,1,2
"416",18,9,0,27,10.2034,0,1,3
"417",15,9,0,24,9.0003,0,1,3
"418",24,6,0,30,9.287,0,0,3
"419",15,11,6,32,9.1626,0,0,3
"420",20,9,3,32,9.3957,0,0,3
"421",21,9,0,30,10.1337,0,0,3
"422",6,9,0,15,6.3227,0,1,3
"423",15,12,3,30,9.7739,0,0,3
"424",27,3,0,30,11.9159,0,0,2
"425",15,12,3,30,9.7494,0,0,3
"426",15,12,3,30,6.5474,0,0,4
"427",24,5,3,32,6.1817,0,0,3
"428",21,0,0,21,5.5878,0,1,2
"429",27,0,0,27,7.8722,0,1,2
"430",15,12,3,30,9.1498,0,0,4
"431",9,0,0,9,3.9156,0,1,1
"432",29,3,0,32,11.31,0,0,3
"433",27,3,0,30,11.2189,0,0,3
"434",26,3,0,29,10.0501,0,1,2
"435",18,8,6,32,12.6534,0,0,4
"436",24,6,0,30,8.1132,0,0,3
"437",15,12,3,30,10.1023,0,0,4
"438",15,11,6,32,10.224,0,0,4
"439",15,6,11,32,10.5605,0,0,5
"440",21,6,3,30,7.5359,0,0,4
"441",25,4,3,32,9.1492,0,0,4
"442",24,6,0,30,8.8594,0,0,3
"443",18,11,3,32,7.3229,0,0,4
"444",24,6,0,30,7.0384,0,0,3
"445",24,6,0,30,7.3966,0,0,3
"446",15,11,6,32,9.6118,0,0,3
"447",18,8,6,32,8.1448,0,0,3
"448",15,13,3,31,8.4397,0,0,3
"449",23,9,0,32,10.7805,0,0,2
"450",9,0,0,9,4.711,0,1,1
"451",21,0,0,21,6.8778,0,1,2
"452",24,0,0,24,6.7676,0,1,2
"453",16,9,0,25,9.782,0,1,3
"454",14,3,0,17,6.8963,0,1,3
"455",15,10,6,31,12.3822,0,0,3
"456",23,9,0,32,9.5784,0,0,3
"457",22,9,0,31,8.4314,0,0,3
"458",24,6,0,30,7.8883,0,0,2
"459",30,0,0,30,10.9848,0,0,2
"460",20,0,0,20,8.8533,0,1,2
"461",17,0,0,17,7.7163,0,1,2
"462",9,0,0,9,3.79,1,0,0
"463",18,9,0,27,11.97,0,1,3
"464",21,8,3,32,11.2712,0,0,3
"465",21,8,3,32,10.2575,0,0,3
"466",21,0,0,21,7.1559,0,1,2
"467",21,0,0,21,6.7164,0,1,2
"468",21,0,0,21,6.3015,0,1,2
"469",9,0,0,9,4.4531,0,1,1
"470",21,8,3,32,9.3013,0,0,3
"471",24,6,0,30,7.0891,0,0,3
"472",15,9,6,30,6.6059,0,0,3
"473",15,12,3,30,6.3922,0,0,2
"474",27,3,0,30,6.4301,0,0,2
"475",12,0,0,12,5.4676,0,1,2
"476",11,0,0,11,3.4805,1,0,2
"477",27,3,0,30,10.9623,0,0,2
"478",26,6,0,32,7.8964,0,0,3
"479",24,4,3,31,10.9344,0,0,3
"480",18,9,0,27,10.6718,0,1,3
"481",9,0,0,9,3.7424,1,0,2
"482",21,9,0,30,12.0904,0,0,3
"483",18,11,3,32,11.8899,0,0,3
"484",7,10,15,32,9.1535,0,0,4
"485",20,9,3,32,9.5789,0,0,4
"486",26,3,0,29,9.8647,0,1,2
"487",26,3,0,29,7.7377,0,1,2
"488",24,6,0,30,7.1923,0,0,3
"489",14,12,6,32,8.1955,0,0,4
"490",14,12,6,32,7.5977,0,0,4
"491",15,12,3,30,9.0521,0,0,4
"492",24,5,3,32,7.2345,0,0,4
"493",23,6,3,32,5.8499,0,0,4
"494",27,3,0,30,5.8427,0,0,3
"495",27,3,0,30,8.9504,0,0,3
"496",24,6,0,30,7.3205,0,0,3
"497",24,6,0,30,6.1035,0,0,3
"498",19,0,0,19,8.9572,0,1,1
"499",24,6,0,30,9.8575,0,0,3
"500",18,11,3,32,9.2955,0,0,3
"501",15,12,3,30,10.051,0,0,3
"502",18,10,3,31,13.4515,0,0,3
"503",24,5,3,32,13.0697,0,0,3
"504",27,3,0,30,11.8496,0,0,3
"505",15,11,6,32,10.5977,0,0,4
"506",21,8,3,32,8.7376,0,0,4
"507",18,11,3,32,8.6349,0,0,4
"508",24,0,0,24,9.4058,0,1,2
"509",15,11,6,32,8.8876,0,0,2
"510",15,12,3,30,9.8628,0,0,4
"511",15,9,0,24,8.4806,0,1,3
"512",21,0,0,21,7.047,0,1,2
"513",21,0,0,21,5.1503,0,1,2
"514",24,6,0,30,9.889,0,0,3
"515",15,12,3,30,12.1669,0,0,4
"516",23,9,0,32,8.3943,0,0,3
"517",15,12,3,30,9.0681,0,0,4
"518",15,12,3,30,7.5748,0,0,3
"519",24,6,0,30,7.3955,0,0,2
"520",13,10,9,32,9.9875,0,0,2
"521",13,0,0,13,3.1732,1,0,2
"522",18,9,0,27,8.7908,0,1,3
"523",13,9,0,22,10.2702,0,1,3
"524",15,11,6,32,11.779,0,0,2
"525",31,0,0,31,13.2907,0,0,2
"526",30,0,0,30,12.4618,0,0,2
"527",15,9,0,24,9.2178,0,1,3
"528",26,6,0,32,9.9175,0,0,3
"529",25,6,0,31,8.9139,0,0,3
"530",18,9,0,27,11.6293,0,1,2
"531",24,6,0,30,7.2622,0,0,3
"532",24,6,0,30,7.9629,0,0,3
"533",24,6,0,30,6.4574,0,0,3
"534",15,9,0,24,10.8574,0,1,3
"535",14,12,6,32,8.2202,0,0,4
"536",15,11,6,32,9.0666,0,0,3
"537",27,0,0,27,9.5333,0,1,2
"538",18,0,0,18,8.6223,0,1,2
"539",24,0,0,24,8.1594,0,1,2
"540",21,8,3,32,7.2774,0,0,4
"541",18,3,0,21,6.9616,0,1,3
"542",15,3,0,18,5.8059,0,1,3
"543",14,15,3,32,8.5691,0,0,3
"544",15,9,0,24,7.0293,0,1,3
"545",15,9,0,24,9.0856,0,1,3
"546",23,9,0,32,8.3142,0,0,3
"547",23,9,0,32,6.8579,0,0,3
"548",27,3,0,30,10.2542,0,0,2
"549",27,3,0,30,9.371,0,0,3
"550",27,3,0,30,8.1511,0,0,3
"551",21,9,0,30,8.3545,0,0,2
"552",18,12,0,30,9.4322,0,0,3
"553",22,0,0,22,9.8418,0,1,2
"554",22,3,0,25,8.6528,0,1,3
"555",22,3,0,25,8.0021,0,1,3
"556",21,0,0,21,8.9414,0,1,2
"557",21,0,0,21,7.4617,0,1,2
"558",12,0,0,12,5.161,0,1,2
"559",18,0,0,18,8.129,0,1,2
"560",15,0,0,15,7.3627,0,1,2
"561",12,0,0,12,5.6978,0,1,2
"562",16,13,3,32,9.8986,0,0,3
"563",14,4,13,31,8.1547,0,0,4
"564",24,5,3,32,9.0725,0,0,4
"565",24,5,3,32,7.3895,0,0,4
"566",24,5,3,32,6.0215,0,0,4
"567",9,0,0,9,4.3752,0,1,1
"568",24,6,0,30,6.7817,0,0,3
"569",21,6,0,27,11.0207,0,1,2
"570",26,6,0,32,7.7904,0,0,2
"571",21,6,3,30,7.3503,0,0,3
"572",30,0,0,30,10.0712,0,0,2
"573",15,12,3,30,7.4268,0,0,4
"574",27,3,0,30,5.8098,0,0,3
"575",29,3,0,32,8.0931,0,0,3
"576",26,6,0,32,9.1827,0,0,3
"577",15,11,6,32,10.2126,0,0,4
"578",15,12,3,30,10.5519,0,0,4
"579",24,6,0,30,7.2469,0,0,3
"580",12,6,0,18,8.0432,0,1,2
"581",18,3,0,21,8.3764,0,1,3
"582",27,0,0,27,9.6325,0,1,2
"583",27,0,0,27,8.0457,0,1,2
"584",24,6,0,30,7.2036,0,0,3
"585",15,12,3,30,8.2428,0,0,4
"586",27,3,0,30,11.2591,0,0,2
"587",27,3,0,30,9.5468,0,0,2
"588",15,13,3,31,8.2636,0,0,3
"589",6,12,12,30,10.5435,0,0,5
"590",15,12,3,30,9.8138,0,0,3
"591",15,12,3,30,8.645,0,0,3
"592",18,11,3,32,9.7509,0,0,4
"593",15,12,3,30,8.8192,0,0,4
"594",24,5,3,32,9.5912,0,0,3
"595",18,11,3,32,7.4641,0,0,4
"596",15,0,0,15,7.2057,0,1,2
"597",12,0,0,12,5.8026,0,1,2
"598",24,5,3,32,9.431,0,0,4
"599",24,6,0,30,10.3993,0,0,2
"600",24,6,0,30,8.8299,0,0,2
"601",24,6,0,30,6.9182,0,0,2
"602",27,0,0,27,8.1815,0,1,2
"603",16,3,0,19,5.6899,0,1,2
"604",24,0,0,24,7.4716,0,1,2
"605",26,6,0,32,8.4382,0,0,3
"606",26,6,0,32,7.5712,0,0,3
"607",18,11,3,32,8.2367,0,0,3
"608",20,9,3,32,6.3259,0,0,3
"609",24,6,0,30,7.7209,0,0,2
"610",21,0,0,21,9.1255,0,1,2
"611",15,11,6,32,12.5331,0,0,4
"612",12,0,0,12,5.4686,0,1,2
"613",18,11,3,32,9.5988,0,0,4
"614",15,12,3,30,9.0046,0,0,4
"615",22,7,3,32,9.2375,0,0,4
"616",19,7,6,32,8.5344,0,0,4
"617",17,9,6,32,8.8975,0,0,4
"618",14,12,6,32,7.776,0,0,4
"619",18,12,0,30,8.4345,0,0,3
"620",27,0,0,27,8.1089,0,1,2
"621",24,0,0,24,6.3428,0,1,2
"622",24,6,0,30,8.5419,0,0,3
"623",24,6,0,30,7.6393,0,0,3
"624",16,15,0,31,11.2263,0,0,3
"625",21,9,0,30,10.2027,0,0,3
"626",19,10,3,32,11.142,0,0,3
"627",16,10,6,32,11.831,0,0,4
"628",15,11,6,32,11.179,0,0,2
"629",17,11,3,31,11.7239,0,0,2
"630",17,11,3,31,10.4875,0,0,2
"631",17,11,3,31,11.2083,0,0,2
"632",18,11,3,32,10.8164,0,0,2
"633",26,6,0,32,9.0037,0,0,3
"634",15,10,6,31,8.7031,0,0,3
"635",13,3,0,16,5.7473,0,1,2
"636",22,0,0,22,8.9495,0,1,2
"637",17,6,0,23,7.8121,0,1,2
"638",15,12,3,30,9.1486,0,0,3
"639",18,10,3,31,9.7231,0,0,3
"640",24,6,0,30,8.7937,0,0,3
"641",12,0,0,12,6.0249,0,1,1
"642",12,0,0,12,5.8975,0,1,1
"643",20,9,3,32,11.6202,0,0,4
"644",18,11,3,32,10.7501,0,0,4
"645",29,3,0,32,7.4436,0,0,2
"646",6,12,14,32,11.6395,0,0,3
"647",24,5,3,32,9.6757,0,0,4
"648",24,5,3,32,8.4556,0,0,4
"649",24,0,0,24,10.8438,0,1,2
"650",18,12,0,30,10.8045,0,0,2
"651",15,3,0,18,5.7963,0,1,2
"652",30,0,0,30,11.9199,0,0,2
"653",19,10,3,32,7.3676,0,0,3
"654",24,6,0,30,11.516,0,0,3
"655",15,12,3,30,10.181,0,0,3
"656",23,6,3,32,9.9401,0,0,2
"657",20,9,3,32,7.1499,0,0,3
"658",17,12,3,32,6.9047,0,0,3
"659",18,3,0,21,7.3477,0,1,2
"660",21,6,0,27,8.0363,0,1,2
"661",24,6,0,30,11.316,0,0,2
"662",28,3,0,31,10.6586,0,0,2
"663",21,9,0,30,10.2496,0,0,3
"664",18,9,0,27,8.9034,0,1,3
"665",18,11,3,32,9.0424,0,0,4
"666",23,3,0,26,8.7008,0,1,3
"667",23,3,0,26,7.3946,0,1,3
"668",16,12,3,31,9.6361,0,0,3
"669",15,12,3,30,8.0555,0,0,3
"670",24,6,0,30,9.9359,0,0,3
"671",28,3,0,31,7.5808,0,0,2
"672",15,12,3,30,7.7456,0,0,3
"673",15,12,3,30,9.5792,0,0,4
"674",17,3,0,20,7.7442,0,1,3
"675",6,9,0,15,7.1844,0,1,3
"676",15,11,6,32,11.207,0,0,3
"677",18,3,0,21,7.5238,0,1,3
"678",24,6,0,30,9.4441,0,0,3
"679",24,6,0,30,8.5662,0,0,3
"680",24,6,0,30,8.1301,0,0,3
"681",24,6,0,30,7.4344,0,0,3
"682",15,11,6,32,10.8611,0,0,4
"683",24,6,0,30,10.7289,0,0,3
"684",22,5,3,30,8.439,0,0,4
"685",10,10,11,31,9.2825,0,0,4
"686",18,11,3,32,7.9325,0,0,3
"687",26,3,0,29,10.6229,0,1,2
"688",18,9,0,27,8.9366,0,1,3
"689",15,9,0,24,6.8531,0,1,3
"690",24,6,0,30,10.6304,0,0,2
"691",21,6,0,27,9.8897,0,1,2
"692",27,3,0,30,10.7337,0,0,3
"693",13,3,0,16,6.2161,0,1,2
"694",23,3,0,26,9.1786,0,1,3
"695",20,3,0,23,7.8427,0,1,2
"696",17,6,9,32,11.032,0,0,3
"697",17,6,9,32,10.0077,0,0,2
"698",13,12,6,31,8.7502,0,0,3
"699",18,11,3,32,11.4386,0,0,3
"700",15,11,3,29,9.6732,0,1,3
"701",15,12,3,30,8.6862,0,0,4
"702",24,6,0,30,9.2309,0,0,3
"703",15,12,3,30,7.8471,0,0,4
"704",18,9,0,27,10.7253,0,1,2
"705",18,9,0,27,9.2637,0,1,2
"706",6,15,11,32,8.7511,0,0,4
"707",29,3,0,32,9.0129,0,0,2
"708",21,9,0,30,7.988,0,0,3
"709",18,11,3,32,10.7174,0,0,4
"710",3,0,0,3,1.0715,1,0,0
"711",24,3,0,27,9.3285,0,1,2
"712",18,6,0,24,8.0485,0,1,2
"713",18,0,0,18,6.3907,0,1,1
"714",12,3,0,15,5.2691,0,1,2
"715",21,0,0,21,8.0521,0,1,2
"716",21,8,3,32,10.281,0,0,4
"717",24,6,0,30,10.6144,0,0,3
"718",16,12,3,31,7.4389,0,0,4
"719",24,6,0,30,8.6806,0,0,3
"720",24,6,0,30,7.2259,0,0,3
"721",6,12,14,32,10.5172,0,0,3
"722",13,11,8,32,7.8721,0,0,5
"723",15,12,3,30,8.1992,0,0,4
"724",24,3,0,27,9.034,0,1,2
"725",14,3,0,17,6.854,0,1,2
"726",23,3,0,26,7.3375,0,1,2
"727",21,0,0,21,6.1905,0,1,2
"728",24,6,0,30,9.6494,0,0,3
"729",24,6,0,30,8.4011,0,0,3
"730",15,12,3,30,8.2802,0,0,4
"731",15,8,8,31,10.0167,0,0,4
"732",26,6,0,32,10.1182,0,0,3
"733",15,9,0,24,9.3821,0,1,3
"734",18,8,6,32,11.7466,0,0,4
"735",16,8,6,30,8.7287,0,0,4
"736",11,12,9,32,9.4077,0,0,4
"737",14,12,6,32,8.4021,0,0,4
"738",15,12,3,30,6.014,0,0,3
"739",21,9,0,30,9.0265,0,0,2
"740",18,9,0,27,10.9875,0,1,2
"741",13,9,3,25,6.6988,0,1,2
"742",24,3,0,27,8.2903,0,1,3
"743",21,9,0,30,11.1942,0,0,3
"744",27,0,0,27,10.9945,0,1,2
"745",27,3,0,30,11.5576,0,0,3
"746",24,6,0,30,11.5134,0,0,3
"747",24,6,0,30,9.7152,0,0,3
"748",29,3,0,32,7.8126,0,0,3
"749",24,6,0,30,8.929,0,0,2
"750",15,12,3,30,7.6863,0,0,3
"751",21,6,0,27,10.1401,0,1,2
"752",26,6,0,32,8.3888,0,0,3
"753",26,6,0,32,7.1751,0,0,3
"754",18,6,0,24,9.1065,0,1,3
"755",18,11,3,32,10.6269,0,0,3
"756",15,9,0,24,8.3611,0,1,3
"757",14,3,0,17,6.7147,0,1,2
"758",21,0,0,21,6.9588,0,1,2
"759",23,9,0,32,7.1654,0,0,3
"760",23,9,0,32,6.5141,0,0,2
"761",25,6,0,31,7.7963,0,0,2
"762",21,0,0,21,6.4075,0,1,2
"763",24,6,0,30,11.0654,0,0,3
"764",26,6,0,32,7.9246,0,0,2
"765",24,6,0,30,8.1905,0,0,3
"766",27,0,0,27,9.6864,0,1,2
"767",9,0,0,9,4.6475,0,1,1
"768",24,6,0,30,8.0745,0,0,3
"769",15,12,3,30,7.3515,0,0,4
"770",15,12,3,30,8.8751,0,0,4
"771",15,10,6,31,8.5573,0,0,4
"772",25,4,3,32,8.0736,0,0,4
"773",12,9,11,32,7.4973,0,0,4
"774",12,11,9,32,7.6427,0,0,5
"775",20,9,3,32,5.7157,0,0,4
"776",12,0,0,12,5.0817,0,1,1
"777",22,7,3,32,8.1187,0,0,4
"778",25,6,0,31,7.7264,0,0,2
"779",26,6,0,32,7.6964,0,0,2
"780",26,6,0,32,10.5747,0,0,3
"781",19,9,3,31,6.4514,0,0,4
"782",23,9,0,32,10.1064,0,0,3
"783",24,6,0,30,8.0855,0,0,3
"784",6,18,6,30,10.0053,0,0,3
"785",15,11,6,32,7.7503,0,0,3
"786",14,15,3,32,8.0602,0,0,3
"787",18,11,3,32,9.1755,0,0,4
"788",13,12,6,31,7.5085,0,0,4
"789",11,12,9,32,7.993,0,0,4
"790",15,9,0,24,7.6623,0,1,3
"791",15,11,6,32,12.1712,0,0,4
"792",15,11,6,32,12.1573,0,0,4
"793",18,8,6,32,10.5045,0,0,4
"794",15,11,6,32,8.6325,0,0,4
"795",13,10,9,32,8.9843,0,0,5
"796",11,7,14,32,8.3773,0,0,4
"797",18,11,3,32,9.1033,0,0,3
"798",15,12,3,30,7.6298,0,0,3
"799",18,12,0,30,10.7985,0,0,3
"800",24,0,0,24,9.3724,0,1,2
"801",24,0,0,24,7.4037,0,1,2
"802",9,0,0,9,3.732,0,1,1
"803",24,6,0,30,7.1331,0,0,2
"804",9,0,0,9,4.8579,0,1,1
"805",18,3,0,21,6.0552,0,1,2
"806",14,3,0,17,4.7222,0,1,2
"807",24,0,0,24,7.8708,0,1,2
"808",15,11,6,32,9.1457,0,0,4
"809",14,12,6,32,8.8807,0,0,4
"810",15,12,3,30,9.1294,0,0,4
"811",20,9,3,32,6.9355,0,0,4
"812",21,0,0,21,10.2037,0,1,2
"813",24,6,0,30,8.5399,0,0,3
"814",16,10,6,32,10.3804,0,0,3
"815",18,12,0,30,10.6877,0,0,3
"816",23,9,0,32,8.8967,0,0,3
"817",21,9,0,30,7.4987,0,0,3
"818",12,0,0,12,5.39,0,1,2
"819",24,6,0,30,7.7932,0,0,3
"820",12,0,0,12,5.0321,0,1,2
"821",27,3,0,30,8.4097,0,0,3
"822",17,3,0,20,6.8652,0,1,3
"823",14,3,0,17,5.6227,0,1,3
"824",27,3,0,30,9.0595,0,0,3
"825",27,3,0,30,9.0102,0,0,3
"826",6,15,9,30,11.325,0,0,4
"827",6,14,9,29,10.9848,0,1,4
"828",15,12,3,30,8.5847,0,0,4
"829",27,3,0,30,7.8291,0,0,3
"830",6,15,9,30,13.2816,0,0,3
"831",18,10,3,31,9.7149,0,0,3
"832",18,10,3,31,9.4041,0,0,3
"833",24,6,0,30,8.4151,0,0,3
"834",18,6,0,24,8.6651,0,1,2
"835",30,0,0,30,10.7842,0,0,2
"836",30,0,0,30,9.6548,0,0,2
"837",9,0,0,9,3.9381,0,1,1
"838",24,6,0,30,9.2016,0,0,3
"839",15,9,0,24,8.2771,0,1,3
"840",15,12,3,30,8.3905,0,0,3
"841",24,6,0,30,6.5816,0,0,3
"842",19,0,0,19,6.3733,0,1,1
"843",13,3,0,16,5.0234,0,1,2
"844",24,5,3,32,10.3065,0,0,4
"845",15,12,3,30,8.5347,0,0,4
"846",26,0,0,26,10.0756,0,1,2
"847",24,0,0,24,7.9802,0,1,2
"848",18,6,0,24,9.9056,0,1,2
"849",20,12,0,32,9.9984,0,0,3
"850",9,0,0,9,3.4729,0,1,1
"851",9,0,0,9,3.2711,0,1,1
"852",25,4,3,32,8.7766,0,0,4
"853",24,6,0,30,6.7817,0,0,3
"854",21,9,0,30,10.8719,0,0,2
"855",21,9,0,30,9.6877,0,0,2
"856",12,0,0,12,5.1204,0,1,2
"857",21,0,0,21,5.1552,0,1,2
"858",30,0,0,30,11.6606,0,0,2
"859",18,11,3,32,11.9249,0,0,3
"860",21,9,0,30,13.3866,0,0,2
"861",9,0,0,9,5.1108,0,1,1
"862",21,9,0,30,9.9139,0,0,2
"863",25,6,0,31,7.6192,0,0,3
"864",15,13,3,31,7.5654,0,0,3
"865",6,12,9,27,8.6451,0,1,4
"866",25,0,0,25,10.3349,0,1,2
"867",18,9,0,27,9.3999,0,1,3
"868",9,0,0,9,4.3368,0,1,1
"869",27,3,0,30,8.4483,0,0,3
"870",12,12,6,30,11.7338,0,0,3
"871",21,6,3,30,7.5751,0,0,3
"872",6,15,6,27,10.5597,0,1,3
"873",20,6,0,26,9.524,0,1,2
"874",25,6,0,31,8.5289,0,0,2
"875",18,9,3,30,9.7813,0,0,3
"876",15,12,3,30,7.8332,0,0,3
"877",21,9,0,30,9.4655,0,0,2
"878",24,0,0,24,10.7457,0,1,2
"879",9,0,0,9,3.6602,0,1,1
"880",21,0,0,21,8.6748,0,1,2
"881",24,6,0,30,10.4692,0,0,3
"882",15,12,3,30,10.5317,0,0,4
"883",23,6,3,32,8.3343,0,0,4
"884",21,9,0,30,11.1881,0,0,3
"885",15,9,0,24,9.0668,0,1,3
"886",23,9,0,32,7.4251,0,0,3
"887",21,0,0,21,7.8651,0,1,2
"888",9,0,0,9,3.6175,0,1,1
"889",18,11,3,32,12.4108,0,0,3
"890",25,6,0,31,10.5059,0,0,3
"891",26,6,0,32,9.2136,0,0,3
"892",18,11,3,32,8.5188,0,0,3
"893",16,9,0,25,8.7733,0,1,3
"894",24,6,0,30,7.4271,0,0,3
"895",6,12,9,27,8.4516,0,1,4
"896",18,11,3,32,10.579,0,0,4
"897",15,11,6,32,9.529,0,0,5
"898",23,6,3,32,9.0165,0,0,4
"899",15,9,0,24,9.9137,0,1,3
"900",24,6,0,30,8.5064,0,0,2
"901",24,6,0,30,6.7559,0,0,3
"902",21,9,0,30,9.5145,0,0,2
"903",12,0,0,12,5.6089,0,1,2
"904",15,12,3,30,9.3674,0,0,3
"905",24,0,0,24,8.4922,0,1,1
"906",27,3,0,30,11.7474,0,0,3
"907",24,3,0,27,10.941,0,1,3
"908",21,3,0,24,10.0887,0,1,3
"909",28,3,0,31,9.5532,0,0,3
"910",13,11,6,30,8.492,0,0,4
"911",26,6,0,32,7.693,0,0,3
"912",14,3,0,17,7.1492,0,1,3
"913",24,6,0,30,9.5742,0,0,2
"914",18,6,0,24,8.6642,0,1,2
"915",21,9,0,30,11.5628,0,0,3
"916",15,9,0,24,8.8437,0,1,3
"917",15,9,0,24,7.6687,0,1,3
"918",18,9,3,30,10.9785,0,0,3
"919",15,12,3,30,10.5919,0,0,3
"920",21,0,0,21,7.3949,0,1,2
"921",21,0,0,21,6.487,0,1,2
"922",24,6,0,30,7.1449,0,0,3
"923",15,12,3,30,6.7593,0,0,4
"924",15,9,0,24,7.5452,0,1,3
"925",21,9,0,30,10.4334,0,0,2
"926",18,9,0,27,9.3504,0,1,2
"927",18,12,0,30,8.6197,0,0,3
"928",31,0,0,31,12.6639,0,0,2
"929",18,10,3,31,11.0921,0,0,3
"930",21,8,3,32,10.4551,0,0,3
"931",18,11,3,32,10.226,0,0,3
"932",15,11,3,29,8.8668,0,1,3
"933",30,0,0,30,10.5304,0,0,2
"934",30,0,0,30,10.6634,0,0,2
"935",20,0,0,20,7.071,0,1,1
"936",24,6,0,30,7.8794,0,0,3
"937",15,11,6,32,10.927,0,0,4
"938",15,11,6,32,9.7333,0,0,4
"939",19,10,3,32,8.505,0,0,4
"940",24,3,0,27,10.9525,0,1,3
"941",28,3,0,31,8.2528,0,0,3
"942",19,9,0,28,9.335,0,1,3
"943",24,6,0,30,7.4055,0,0,3
"944",6,12,14,32,9.2965,0,0,4
"945",18,11,3,32,8.4445,0,0,4
"946",15,12,3,30,8.06,0,0,4
"947",15,12,3,30,8.4757,0,0,4
"948",20,9,3,32,6.1631,0,0,4
"949",15,9,6,30,9.091,0,0,3
"950",27,3,0,30,7.8032,0,0,3
"951",15,10,3,28,8.3138,0,1,3
"952",15,9,0,24,6.9656,0,1,3
"953",24,6,0,30,6.7415,0,0,3
"954",6,12,14,32,9.9737,0,0,4
"955",15,11,6,32,8.9226,0,0,3
"956",28,3,0,31,10.2366,0,0,2
"957",15,12,3,30,7.6331,0,0,3
"958",21,0,0,21,7.3072,0,1,2
"959",25,6,0,31,10.9202,0,0,3
"960",18,10,3,31,10.0128,0,0,3
"961",15,13,3,31,9.5883,0,0,3
"962",24,6,0,30,9.0179,0,0,3
"963",24,6,0,30,7.4234,0,0,3
"964",30,0,0,30,10.9732,0,0,2
"965",26,0,0,26,9.8975,0,1,1
"966",13,3,0,16,6.0423,0,1,2
"967",27,3,0,30,7.1067,0,0,2
"968",23,9,0,32,8.885,0,0,2
"969",15,9,0,24,6.9618,0,1,3
"970",9,0,0,9,3.6831,0,1,1
"971",32,0,0,32,10.7457,0,0,1
"972",23,3,0,26,6.1567,0,1,2
"973",23,3,0,26,6.1619,0,1,2
"974",21,0,0,21,7.4347,0,1,2
"975",9,0,0,9,4.3078,0,1,1
"976",21,3,0,24,11.4383,0,1,2
"977",21,9,0,30,11.9131,0,0,3
"978",18,9,0,27,12.3347,0,1,3
"979",18,9,0,27,10.4639,0,1,3
"980",9,0,0,9,3.6782,0,1,1
"981",24,0,0,24,8.2547,0,1,2
"982",15,12,3,30,9.0848,0,0,3
"983",15,11,6,32,9.6844,0,0,3
"984",20,7,3,30,6.2587,0,0,3
"985",29,3,0,32,9.4851,0,0,2
"986",18,8,6,32,7.2147,0,0,2
"987",25,6,0,31,7.2686,0,0,2
"988",13,3,0,16,4.6963,0,1,2
"989",15,0,0,15,6.7873,0,1,2
"990",21,0,0,21,10.4025,0,1,1
"991",18,12,0,30,11.1013,0,0,3
"992",9,0,0,9,4.08,0,1,1
"993",9,0,0,9,4.1285,0,1,1
"994",25,6,0,31,9.7085,0,0,2
"995",15,11,6,32,9.2915,0,0,3
"996",21,9,0,30,12.3314,0,0,2
"997",21,9,0,30,12.6467,0,0,2
"998",25,6,0,31,8.4346,0,0,2
"999",24,6,0,30,9.7591,0,0,3
"1000",23,3,0,26,6.6933,0,1,3
