"","N_under_dosing","N_MTD","N_over_dosing","Pts","Length","Safety_stop","Sufficient_info","MTD"
"1",15,11,6,32,10.1198,0,0,3
"2",19,10,3,32,6.4303,0,0,3
"3",19,8,3,30,7.8716,0,0,3
"4",15,11,3,29,8.8711,0,1,3
"5",15,11,6,32,8.045,0,0,4
"6",15,12,3,30,6.6427,0,0,3
"7",19,9,3,31,6.8711,0,0,4
"8",21,8,3,32,6.0158,0,0,3
"9",20,7,3,30,7.0852,0,0,3
"10",15,9,3,27,9.1904,0,1,3
"11",14,12,6,32,8.6946,0,0,3
"12",15,13,3,31,8.4447,0,0,3
"13",24,5,3,32,8.3728,0,0,3
"14",15,11,6,32,7.7308,0,0,3
"15",14,9,3,26,7.413,0,1,3
"16",23,6,3,32,8.9129,0,0,3
"17",26,6,0,32,9.5623,0,0,3
"18",9,0,0,9,3.6264,1,0,2
"19",22,7,3,32,7.258,0,0,3
"20",24,6,0,30,5.8157,0,0,3
"21",23,6,3,32,8.1676,0,0,4
"22",27,3,0,30,9.149,0,0,3
"23",9,0,0,9,4.3645,0,1,1
"24",23,6,3,32,8.6831,0,0,3
"25",25,4,3,32,9.8678,0,0,3
"26",15,11,6,32,9.0527,0,0,3
"27",21,8,3,32,7.3095,0,0,3
"28",17,12,3,32,8.6227,0,0,3
"29",20,9,3,32,7.5697,0,0,3
"30",24,6,0,30,7.4011,0,0,3
"31",24,6,0,30,5.8636,0,0,3
"32",24,6,0,30,6.7875,0,0,3
"33",24,6,0,30,9.3986,0,0,3
"34",17,9,6,32,8.8973,0,0,4
"35",27,3,0,30,11.5355,0,0,3
"36",9,0,0,9,3.9088,0,1,1
"37",9,0,0,9,5.9601,0,1,1
"38",15,13,3,31,9.2618,0,0,3
"39",24,5,3,32,7.7062,0,0,3
"40",18,10,3,31,7.2139,0,0,3
"41",22,7,3,32,6.3581,0,0,3
"42",15,9,3,27,7.6074,0,1,3
"43",24,6,0,30,6.6272,0,0,3
"44",24,6,0,30,6.4265,0,0,3
"45",21,8,3,32,7.5676,0,0,3
"46",19,10,3,32,8.003,0,0,3
"47",6,10,3,19,6.6445,0,1,3
"48",15,11,3,29,7.5787,0,1,3
"49",19,10,3,32,7.9012,0,0,3
"50",15,12,3,30,7.9997,0,0,3
"51",24,5,3,32,7.2575,0,0,3
"52",9,0,0,9,3.8116,0,1,1
"53",24,6,0,30,7.6474,0,0,3
"54",24,6,0,30,6.8969,0,0,3
"55",23,6,3,32,7.3329,0,0,3
"56",24,5,3,32,8.5338,0,0,3
"57",24,5,3,32,7.766,0,0,3
"58",19,9,3,31,7.6236,0,0,3
"59",6,9,3,18,7.9283,0,1,3
"60",13,12,6,31,9.5827,0,0,3
"61",18,9,3,30,7.9888,0,0,3
"62",19,10,3,32,7.6885,0,0,3
"63",24,6,0,30,8.1686,0,0,3
"64",18,9,0,27,7.4803,0,1,3
"65",24,0,0,24,7.6406,0,1,2
"66",15,11,6,32,8.1628,0,0,3
"67",20,9,3,32,10.8492,0,0,3
"68",20,9,3,32,9.2983,0,0,3
"69",20,9,3,32,8.4106,0,0,3
"70",19,10,3,32,7.3814,0,0,3
"71",21,8,3,32,7.0943,0,0,3
"72",21,8,3,32,6.6659,0,0,3
"73",15,11,3,29,7.9368,0,1,3
"74",14,12,3,29,7.3117,0,1,3
"75",20,8,3,31,7.5936,0,0,3
"76",18,11,3,32,9.4047,0,0,3
"77",14,15,3,32,8.0168,0,0,3
"78",6,10,3,19,8.2813,0,1,3
"79",19,10,3,32,7.899,0,0,3
"80",24,5,3,32,7.3718,0,0,3
"81",23,6,3,32,6.6963,0,0,3
"82",6,9,3,18,5.5466,0,1,3
"83",20,9,3,32,6.2278,0,0,3
"84",19,9,3,31,6.0841,0,0,3
"85",15,12,3,30,9.6862,0,0,3
"86",20,9,3,32,6.0124,0,0,3
"87",24,5,3,32,7.513,0,0,3
"88",16,12,3,31,6.6027,0,0,4
"89",21,8,3,32,8.4508,0,0,3
"90",15,11,6,32,9.4227,0,0,3
"91",17,12,3,32,6.9458,0,0,3
"92",18,11,3,32,6.5735,0,0,3
"93",19,8,3,30,6.2034,0,0,3
"94",15,11,6,32,8.9599,0,0,3
"95",22,7,3,32,6.797,0,0,3
"96",18,11,3,32,7.7145,0,0,3
"97",20,9,3,32,6.5258,0,0,3
"98",15,12,3,30,6.2347,0,0,3
"99",15,12,3,30,7.9578,0,0,4
"100",24,5,3,32,7.4382,0,0,3
"101",15,11,3,29,7.9377,0,1,3
"102",15,12,3,30,6.9233,0,0,3
"103",22,7,3,32,5.4496,0,0,3
"104",20,9,3,32,6.3071,0,0,3
"105",18,10,3,31,6.5583,0,0,3
"106",15,11,3,29,6.8225,0,1,3
"107",24,6,0,30,6.3742,0,0,3
"108",24,5,3,32,7.4733,0,0,3
"109",20,9,3,32,8.1293,0,0,3
"110",20,9,3,32,7.4817,0,0,3
"111",14,12,6,32,7.5466,0,0,4
"112",21,8,3,32,9.1952,0,0,3
"113",18,9,3,30,8.97,0,0,3
"114",22,6,3,31,7.9438,0,0,4
"115",25,4,3,32,9.0891,0,0,3
"116",22,5,3,30,8.1758,0,0,3
"117",21,8,3,32,8.3424,0,0,3
"118",15,11,6,32,8.7057,0,0,3
"119",21,8,3,32,6.7967,0,0,3
"120",24,6,0,30,7.2019,0,0,3
"121",14,12,6,32,9.1797,0,0,3
"122",17,9,3,29,9.5062,0,1,3
"123",19,10,3,32,9.9226,0,0,3
"124",19,10,3,32,8.5557,0,0,3
"125",24,3,0,27,7.028,0,1,3
"126",15,13,3,31,7.8574,0,0,3
"127",20,8,3,31,6.6182,0,0,3
"128",20,8,3,31,7.9811,0,0,3
"129",18,11,3,32,6.748,0,0,3
"130",18,9,3,30,6.4167,0,0,3
"131",21,7,3,31,7.3554,0,0,3
"132",18,10,3,31,7.8269,0,0,3
"133",18,9,3,30,7.5119,0,0,3
"134",20,9,3,32,7.393,0,0,3
"135",16,13,3,32,7.6382,0,0,3
"136",15,11,6,32,8.6417,0,0,3
"137",15,11,6,32,10.7491,0,0,3
"138",18,11,3,32,9.8399,0,0,3
"139",23,6,3,32,8.3344,0,0,3
"140",20,9,3,32,7.8171,0,0,3
"141",17,12,3,32,7.3951,0,0,3
"142",18,11,3,32,6.9658,0,0,3
"143",24,6,0,30,5.9007,0,0,3
"144",22,7,3,32,6.8172,0,0,3
"145",21,7,3,31,12.4316,0,0,3
"146",24,6,0,30,8.0194,0,0,3
"147",24,5,3,32,10.253,0,0,3
"148",24,6,0,30,8.3086,0,0,3
"149",25,4,3,32,10.83,0,0,3
"150",15,14,3,32,8.2392,0,0,3
"151",21,6,3,30,7.3794,0,0,3
"152",20,9,3,32,7.4921,0,0,3
"153",17,12,3,32,7.9587,0,0,3
"154",22,7,3,32,6.9221,0,0,3
"155",15,11,6,32,6.9908,0,0,3
"156",20,9,3,32,5.8909,0,0,3
"157",27,3,0,30,5.9783,0,0,3
"158",15,12,3,30,10.5463,0,0,3
"159",15,12,3,30,8.7447,0,0,3
"160",24,6,0,30,8.6852,0,0,3
"161",19,10,3,32,8.7526,0,0,3
"162",15,10,3,28,9.2472,0,1,3
"163",25,6,0,31,8.9424,0,0,3
"164",25,4,3,32,10.1274,0,0,3
"165",24,5,3,32,9.4048,0,0,3
"166",20,9,3,32,7.1301,0,0,3
"167",15,12,3,30,8.1937,0,0,3
"168",24,5,3,32,6.9148,0,0,3
"169",19,10,3,32,7.6264,0,0,3
"170",21,8,3,32,7.955,0,0,3
"171",21,8,3,32,8.1765,0,0,3
"172",24,4,3,31,8.8097,0,0,3
"173",24,4,3,31,7.2015,0,0,3
"174",15,10,3,28,6.7616,0,1,3
"175",15,11,3,29,7.2446,0,1,3
"176",19,8,3,30,5.8389,0,0,3
"177",20,9,3,32,7.2665,0,0,3
"178",15,11,6,32,7.5746,0,0,3
"179",15,13,3,31,8.5877,0,0,3
"180",15,14,3,32,8.9364,0,0,3
"181",18,11,3,32,7.3703,0,0,3
"182",15,11,6,32,7.7061,0,0,3
"183",21,8,3,32,6.9647,0,0,3
"184",22,7,3,32,8.2743,0,0,3
"185",15,9,3,27,9.0074,0,1,3
"186",19,10,3,32,7.9006,0,0,4
"187",17,12,3,32,6.8765,0,0,4
"188",22,7,3,32,6.1898,0,0,3
"189",15,11,3,29,8.6586,0,1,3
"190",19,10,3,32,7.1763,0,0,3
"191",15,13,3,31,10.7081,0,0,3
"192",24,5,3,32,7.6333,0,0,3
"193",22,7,3,32,5.834,0,0,3
"194",15,10,3,28,8.6624,0,1,3
"195",23,6,3,32,7.9016,0,0,3
"196",14,12,6,32,8.5135,0,0,3
"197",19,10,3,32,7.6063,0,0,3
"198",15,13,3,31,6.9706,0,0,3
"199",18,11,3,32,5.4491,0,0,3
"200",23,5,3,31,5.9845,0,0,3
"201",24,6,0,30,7.4113,0,0,3
"202",19,10,3,32,7.7648,0,0,3
"203",17,12,3,32,7.3944,0,0,3
"204",18,8,6,32,8.7751,0,0,3
"205",11,15,6,32,9.073,0,0,3
"206",15,11,3,29,10.991,0,1,3
"207",23,6,3,32,10.1231,0,0,3
"208",21,8,3,32,7.371,0,0,3
"209",15,9,3,27,7.367,0,1,3
"210",18,11,3,32,7.9629,0,0,3
"211",15,10,3,28,8.3397,0,1,3
"212",15,11,6,32,8.2679,0,0,3
"213",24,5,3,32,8.1518,0,0,3
"214",24,5,3,32,9.897,0,0,4
"215",17,12,3,32,7.6154,0,0,3
"216",22,7,3,32,6.7507,0,0,4
"217",20,9,3,32,6.6112,0,0,4
"218",21,8,3,32,7.5943,0,0,3
"219",23,6,3,32,8.3389,0,0,3
"220",15,11,3,29,7.883,0,1,3
"221",21,8,3,32,7.2964,0,0,3
"222",17,12,3,32,6.4,0,0,3
"223",15,11,6,32,8.446,0,0,3
"224",22,7,3,32,7.4659,0,0,3
"225",16,12,3,31,7.5112,0,0,3
"226",20,9,3,32,8.3073,0,0,3
"227",18,9,3,30,7.7321,0,0,3
"228",15,12,3,30,11.3262,0,0,3
"229",24,3,3,30,10.3044,0,0,3
"230",22,7,3,32,10.6711,0,0,3
"231",16,3,0,19,7.5152,0,1,3
"232",13,3,0,16,5.9449,0,1,3
"233",13,0,0,13,4.9178,0,1,2
"234",16,10,6,32,8.4824,0,0,4
"235",19,8,3,30,8.1616,0,0,3
"236",15,11,3,29,7.9663,0,1,3
"237",17,12,3,32,6.9858,0,0,3
"238",14,12,6,32,10.504,0,0,4
"239",22,7,3,32,9.47,0,0,4
"240",14,11,6,31,8.8481,0,0,3
"241",14,12,6,32,8.3556,0,0,3
"242",15,11,3,29,8.5837,0,1,3
"243",14,15,3,32,7.2221,0,0,3
"244",15,11,6,32,7.9529,0,0,3
"245",19,10,3,32,6.8403,0,0,3
"246",24,6,0,30,7.7115,0,0,3
"247",25,6,0,31,9.7783,0,0,3
"248",23,3,0,26,6.9594,0,1,3
"249",9,0,0,9,4.0652,0,1,1
"250",21,8,3,32,8.4057,0,0,3
"251",23,6,3,32,8.9948,0,0,4
"252",23,6,3,32,7.3204,0,0,4
"253",19,9,3,31,6.0207,0,0,4
"254",22,7,3,32,7.4972,0,0,3
"255",18,11,3,32,6.9515,0,0,3
"256",21,8,3,32,7.5677,0,0,3
"257",21,8,3,32,8.8217,0,0,3
"258",23,9,0,32,8.9229,0,0,3
"259",14,12,6,32,8.9081,0,0,3
"260",21,8,3,32,9.8996,0,0,3
"261",15,12,3,30,8.9786,0,0,3
"262",17,12,3,32,8.2555,0,0,3
"263",22,7,3,32,7.3802,0,0,3
"264",24,5,3,32,7.4117,0,0,3
"265",26,6,0,32,8.4164,0,0,3
"266",17,12,3,32,9.9817,0,0,4
"267",26,6,0,32,8.7837,0,0,3
"268",24,6,0,30,7.5504,0,0,3
"269",21,6,3,30,6.1261,0,0,3
"270",25,6,0,31,11.9631,0,0,3
"271",25,6,0,31,9.2826,0,0,3
"272",25,6,0,31,8.0026,0,0,3
"273",15,12,3,30,9.7531,0,0,3
"274",24,5,3,32,9.513,0,0,3
"275",17,11,3,31,6.7037,0,0,3
"276",21,8,3,32,7.1475,0,0,3
"277",15,11,6,32,8.2073,0,0,3
"278",15,14,3,32,8.4298,0,0,3
"279",21,8,3,32,6.2994,0,0,3
"280",17,12,3,32,6.1074,0,0,3
"281",22,7,3,32,8.0918,0,0,4
"282",19,8,3,30,7.1298,0,0,4
"283",15,14,3,32,7.8031,0,0,3
"284",15,9,6,30,8.21,0,0,3
"285",12,10,3,25,8.4109,0,1,3
"286",20,9,3,32,8.9232,0,0,3
"287",15,9,3,27,8.0162,0,1,3
"288",15,10,3,28,7.9908,0,1,3
"289",22,7,3,32,6.2995,0,0,3
"290",13,12,6,31,6.6925,0,0,3
"291",20,7,3,30,5.5313,0,0,3
"292",20,9,3,32,8.209,0,0,3
"293",20,9,3,32,6.3768,0,0,3
"294",24,5,3,32,10.4491,0,0,3
"295",20,9,3,32,7.1332,0,0,3
"296",15,12,3,30,9.175,0,0,3
"297",24,5,3,32,7.1736,0,0,3
"298",18,9,3,30,6.3284,0,0,3
"299",20,9,3,32,7.0031,0,0,3
"300",24,6,0,30,5.609,0,0,3
"301",15,9,6,30,9.428,0,0,3
"302",21,8,3,32,8.8283,0,0,3
"303",21,8,3,32,7.4586,0,0,3
"304",24,5,3,32,8.1738,0,0,3
"305",22,7,3,32,8.8657,0,0,3
"306",15,10,3,28,7.7029,0,1,3
"307",19,10,3,32,6.7366,0,0,3
"308",15,14,3,32,10.0108,0,0,3
"309",23,6,3,32,6.7486,0,0,3
"310",23,6,3,32,6.8178,0,0,3
"311",20,7,3,30,7.0637,0,0,3
"312",20,8,3,31,6.0182,0,0,4
"313",15,12,3,30,9.1621,0,0,3
"314",24,6,0,30,7.4492,0,0,3
"315",24,6,0,30,5.3804,0,0,3
"316",23,6,3,32,6.7724,0,0,3
"317",19,9,3,31,8.0947,0,0,3
"318",22,7,3,32,7.9038,0,0,3
"319",20,7,3,30,6.3794,0,0,3
"320",18,11,3,32,7.6553,0,0,3
"321",15,12,3,30,8.5358,0,0,3
"322",23,5,3,31,7.395,0,0,3
"323",21,8,3,32,7.7224,0,0,3
"324",21,8,3,32,7.2028,0,0,3
"325",24,5,3,32,7.9423,0,0,4
"326",21,8,3,32,6.9708,0,0,4
"327",24,6,0,30,7.3965,0,0,3
"328",24,6,0,30,6.8068,0,0,3
"329",15,9,6,30,8.9971,0,0,3
"330",22,7,3,32,7.8617,0,0,3
"331",22,7,3,32,6.98,0,0,3
"332",23,6,3,32,5.5532,0,0,3
"333",15,11,6,32,11.201,0,0,3
"334",21,8,3,32,8.8526,0,0,3
"335",20,8,3,31,7.7979,0,0,3
"336",17,12,3,32,7.1366,0,0,3
"337",15,12,3,30,6.9438,0,0,3
"338",15,14,3,32,7.7089,0,0,3
"339",21,8,3,32,6.6234,0,0,3
"340",22,6,3,31,6.1102,0,0,3
"341",21,8,3,32,7.613,0,0,3
"342",22,7,3,32,6.8044,0,0,3
"343",15,11,6,32,8.8811,0,0,3
"344",20,9,3,32,9.0819,0,0,3
"345",15,9,3,27,7.984,0,1,3
"346",15,14,3,32,6.8091,0,0,3
"347",22,7,3,32,5.9817,0,0,3
"348",15,12,3,30,10.4927,0,0,4
"349",23,6,3,32,7.588,0,0,4
"350",17,9,6,32,7.452,0,0,4
"351",24,5,3,32,9.0192,0,0,3
"352",24,5,3,32,7.7773,0,0,3
"353",15,10,3,28,10.2977,0,1,3
"354",24,6,0,30,7.244,0,0,3
"355",15,10,3,28,8.3867,0,1,3
"356",17,11,3,31,8.2336,0,0,3
"357",15,14,3,32,7.7971,0,0,3
"358",21,8,3,32,5.6657,0,0,3
"359",23,6,3,32,5.2708,0,0,3
"360",15,10,3,28,9.4748,0,1,3
"361",22,7,3,32,6.9089,0,0,3
"362",19,10,3,32,7.113,0,0,4
"363",15,11,6,32,7.8308,0,0,3
"364",20,9,3,32,7.4415,0,0,4
"365",24,5,3,32,8.0643,0,0,3
"366",22,7,3,32,7.5121,0,0,3
"367",18,11,3,32,8.2914,0,0,3
"368",14,12,6,32,9.5961,0,0,3
"369",21,7,3,31,8.4548,0,0,3
"370",15,14,3,32,9.5356,0,0,3
"371",15,14,3,32,8.3224,0,0,3
"372",19,8,3,30,7.4453,0,0,3
"373",18,11,3,32,6.9114,0,0,3
"374",22,7,3,32,7.0933,0,0,3
"375",23,4,3,30,6.9286,0,0,3
"376",19,10,3,32,7.5925,0,0,3
"377",21,6,3,30,7.2189,0,0,3
"378",16,10,3,29,6.572,0,1,3
"379",15,11,3,29,7.4561,0,1,3
"380",20,9,3,32,6.7912,0,0,3
"381",15,10,3,28,7.0052,0,1,3
"382",17,12,3,32,6.6368,0,0,3
"383",15,11,3,29,8.4998,0,1,3
"384",24,6,0,30,7.8094,0,0,3
"385",24,5,3,32,8.8916,0,0,3
"386",24,5,3,32,7.0595,0,0,3
"387",24,6,0,30,9.4834,0,0,3
"388",15,12,3,30,10.4973,0,0,3
"389",15,11,6,32,8.8046,0,0,4
"390",18,9,3,30,6.8177,0,0,3
"391",26,6,0,32,11.2792,0,0,3
"392",26,6,0,32,9.4629,0,0,3
"393",6,12,9,27,11.5737,0,1,3
"394",24,3,3,30,8.3928,0,0,3
"395",13,13,6,32,9.0755,0,0,3
"396",15,9,3,27,8.2101,0,1,3
"397",23,6,3,32,7.5207,0,0,3
"398",15,11,6,32,8.9675,0,0,4
"399",24,6,0,30,9.0983,0,0,3
"400",24,6,0,30,7.4526,0,0,3
"401",6,13,3,22,7.2272,0,1,3
"402",19,8,3,30,7.4875,0,0,4
"403",23,6,3,32,7.2809,0,0,3
"404",13,13,6,32,9.0999,0,0,3
"405",15,11,6,32,7.0432,0,0,4
"406",19,8,3,30,8.2339,0,0,4
"407",16,8,8,32,7.3759,0,0,4
"408",24,6,0,30,7.326,0,0,3
"409",24,6,0,30,9.5268,0,0,3
"410",24,6,0,30,7.6594,0,0,3
"411",9,0,0,9,4.559,0,1,1
"412",24,5,3,32,6.9717,0,0,3
"413",23,6,3,32,9.1003,0,0,3
"414",15,9,3,27,8.3437,0,1,3
"415",17,11,3,31,7.1573,0,0,3
"416",19,8,3,30,8.8016,0,0,3
"417",19,8,3,30,7.869,0,0,3
"418",24,6,0,30,9.287,0,0,3
"419",21,8,3,32,7.1439,0,0,3
"420",20,8,3,31,9.0099,0,0,3
"421",21,8,3,32,8.8199,0,0,3
"422",21,8,3,32,6.9977,0,0,3
"423",15,11,6,32,8.6655,0,0,3
"424",24,6,0,30,9.9059,0,0,3
"425",24,6,0,30,8.0519,0,0,3
"426",15,12,3,30,6.5474,0,0,3
"427",24,5,3,32,6.1817,0,0,3
"428",23,6,3,32,5.9019,0,0,3
"429",24,5,3,32,6.7443,0,0,3
"430",23,6,3,32,7.1606,0,0,4
"431",24,5,3,32,7.0084,0,0,3
"432",21,8,3,32,6.5966,0,0,3
"433",24,5,3,32,6.7744,0,0,4
"434",26,6,0,32,7.8856,0,0,3
"435",15,10,6,31,11.5604,0,0,3
"436",20,9,3,32,8.1132,0,0,3
"437",16,10,6,32,7.6005,0,0,3
"438",23,6,3,32,7.9747,0,0,4
"439",27,3,0,30,7.0478,0,0,3
"440",24,6,0,30,7.5359,0,0,3
"441",25,4,3,32,9.1492,0,0,4
"442",24,5,3,32,9.2707,0,0,3
"443",15,11,6,32,7.3229,0,0,4
"444",17,12,3,32,6.4027,0,0,3
"445",20,9,3,32,6.7781,0,0,3
"446",15,12,3,30,9.3278,0,0,3
"447",22,7,3,32,8.6194,0,0,3
"448",16,13,3,32,7.2958,0,0,3
"449",24,6,0,30,6.283,0,0,3
"450",15,14,3,32,9.8707,0,0,3
"451",20,8,3,31,7.8762,0,0,3
"452",18,11,3,32,7.3942,0,0,3
"453",21,7,3,31,8.3747,0,0,3
"454",22,7,3,32,7.7261,0,0,3
"455",19,9,3,31,8.1711,0,0,3
"456",14,10,6,30,9.0316,0,0,3
"457",18,10,3,31,8.4314,0,0,3
"458",19,10,3,32,8.1262,0,0,3
"459",19,10,3,32,7.2538,0,0,3
"460",15,12,3,30,10.3485,0,0,4
"461",12,0,0,12,5.1867,0,1,2
"462",9,0,0,9,3.79,0,1,1
"463",23,6,3,32,11.0639,0,0,3
"464",15,0,0,15,5.3148,1,0,2
"465",15,11,6,32,10.1632,0,0,3
"466",13,14,3,30,8.0659,0,0,3
"467",21,8,3,32,7.1479,0,0,3
"468",19,10,3,32,7.7087,0,0,3
"469",18,9,3,30,10.2194,0,0,3
"470",20,9,3,32,8.6634,0,0,3
"471",17,12,3,32,7.2278,0,0,3
"472",15,10,3,28,7.513,0,1,3
"473",15,10,3,28,6.3968,0,1,3
"474",24,5,3,32,6.8118,0,0,3
"475",24,6,0,30,7.4109,0,0,3
"476",24,5,3,32,8.6269,0,0,3
"477",18,9,3,30,11.4527,0,0,4
"478",23,6,3,32,7.7842,0,0,4
"479",26,6,0,32,10.7431,0,0,3
"480",23,9,0,32,10.4977,0,0,3
"481",9,0,0,9,3.7424,1,0,2
"482",18,10,3,31,9.0477,0,0,3
"483",17,10,3,30,7.6037,0,0,3
"484",18,10,3,31,7.2563,0,0,3
"485",20,9,3,32,10.2412,0,0,3
"486",20,9,3,32,9.5646,0,0,3
"487",20,9,3,32,7.8059,0,0,3
"488",24,5,3,32,5.9368,0,0,3
"489",20,9,3,32,6.7191,0,0,3
"490",18,10,3,31,6.8395,0,0,3
"491",20,7,3,30,6.0306,0,0,3
"492",14,15,3,32,7.1036,0,0,3
"493",23,6,3,32,5.8499,0,0,3
"494",24,5,3,32,6.1672,0,0,3
"495",24,5,3,32,7.1899,0,0,3
"496",19,8,3,30,6.8749,0,0,3
"497",22,7,3,32,6.1035,0,0,3
"498",24,6,0,30,6.593,0,0,3
"499",24,6,0,30,10.0433,0,0,3
"500",21,8,3,32,8.2823,0,0,3
"501",19,8,3,30,7.8094,0,0,3
"502",24,3,3,30,10.8266,0,0,3
"503",24,5,3,32,13.3806,0,0,3
"504",23,6,3,32,10.896,0,0,3
"505",20,9,3,32,10.3743,0,0,3
"506",18,9,3,30,9.2863,0,0,3
"507",18,9,3,30,8.4645,0,0,3
"508",24,4,3,31,9.57,0,0,3
"509",15,10,3,28,8.8876,0,1,3
"510",19,10,3,32,8.1415,0,0,3
"511",14,15,3,32,8.7211,0,0,3
"512",24,5,3,32,7.7514,0,0,3
"513",20,9,3,32,5.997,0,0,3
"514",19,10,3,32,6.1565,0,0,3
"515",26,6,0,32,6.7746,0,0,3
"516",25,4,3,32,8.5708,0,0,3
"517",24,6,0,30,7.4747,0,0,3
"518",24,6,0,30,8.7233,0,0,3
"519",19,10,3,32,8.0378,0,0,3
"520",24,4,3,31,9.7293,0,0,3
"521",13,0,0,13,3.1732,1,0,2
"522",18,9,3,30,8.9355,0,0,3
"523",15,9,3,27,7.8367,0,1,3
"524",14,7,9,30,10.186,0,0,4
"525",11,9,12,32,9.5117,0,0,3
"526",20,9,3,32,8.6898,0,0,3
"527",24,6,0,30,9.3323,0,0,3
"528",22,7,3,32,9.1523,0,0,3
"529",22,7,3,32,7.577,0,0,3
"530",17,11,3,31,7.674,0,0,3
"531",15,14,3,32,7.3025,0,0,3
"532",15,13,3,31,7.3333,0,0,3
"533",21,8,3,32,6.4574,0,0,3
"534",24,6,0,30,8.5351,0,0,3
"535",15,12,3,30,7.5649,0,0,3
"536",20,9,3,32,7.7218,0,0,3
"537",21,6,3,30,7.5577,0,0,3
"538",15,11,6,32,8.9816,0,0,3
"539",19,10,3,32,8.5305,0,0,3
"540",17,11,3,31,6.5185,0,0,3
"541",21,8,3,32,7.5134,0,0,3
"542",15,11,3,29,7.579,0,1,3
"543",14,15,3,32,8.5691,0,0,3
"544",19,9,3,31,7.1432,0,0,3
"545",15,11,6,32,8.2963,0,0,3
"546",15,11,3,29,8.2653,0,1,3
"547",19,10,3,32,6.8579,0,0,3
"548",15,14,3,32,6.8933,0,0,3
"549",25,6,0,31,9.0763,0,0,3
"550",16,11,3,30,9.1554,0,0,3
"551",15,10,3,28,7.6734,0,1,3
"552",15,11,6,32,7.7144,0,0,3
"553",19,10,3,32,6.6147,0,0,3
"554",24,6,0,30,6.5983,0,0,3
"555",21,8,3,32,7.0836,0,0,3
"556",24,6,0,30,8.7193,0,0,3
"557",23,6,3,32,8.5999,0,0,3
"558",20,9,3,32,7.5245,0,0,3
"559",18,9,3,30,9.023,0,0,3
"560",19,10,3,32,9.3709,0,0,3
"561",19,10,3,32,7.9444,0,0,3
"562",14,11,3,28,7.5949,0,1,3
"563",17,12,3,32,7.8787,0,0,3
"564",16,13,3,32,6.8113,0,0,3
"565",17,10,3,30,7.068,0,0,3
"566",16,13,3,32,5.9911,0,0,3
"567",23,6,3,32,9.0143,0,0,4
"568",18,11,3,32,6.5788,0,0,3
"569",14,12,6,32,7.5968,0,0,3
"570",21,8,3,32,6.313,0,0,3
"571",21,8,3,32,7.5219,0,0,3
"572",21,8,3,32,6.703,0,0,3
"573",6,18,6,30,8.3649,0,0,3
"574",27,3,0,30,5.8098,0,0,3
"575",27,3,0,30,7.8021,0,0,3
"576",18,9,3,30,9.2025,0,0,3
"577",24,5,3,32,8.758,0,0,3
"578",15,11,3,29,9.4127,0,1,3
"579",18,11,3,32,7.3148,0,0,3
"580",15,12,3,30,7.4273,0,0,3
"581",15,12,3,30,9.6676,0,0,3
"582",23,6,3,32,7.5699,0,0,3
"583",20,9,3,32,6.0623,0,0,3
"584",20,9,3,32,6.7341,0,0,3
"585",15,12,3,30,7.0328,0,0,3
"586",22,7,3,32,7.0028,0,0,3
"587",21,8,3,32,5.3001,0,0,3
"588",15,10,3,28,9.7687,0,1,3
"589",15,10,3,28,8.2116,0,1,3
"590",24,6,0,30,6.3359,0,0,3
"591",20,9,3,32,6.0249,0,0,3
"592",20,9,3,32,7.2865,0,0,3
"593",20,9,3,32,5.5753,0,0,3
"594",22,7,3,32,6.3236,0,0,3
"595",24,5,3,32,5.7609,0,0,4
"596",18,8,6,32,9.9365,0,0,3
"597",14,15,3,32,8.0891,0,0,3
"598",24,6,0,30,6.9694,0,0,3
"599",23,6,3,32,8.2978,0,0,3
"600",21,8,3,32,8.2284,0,0,3
"601",18,9,3,30,6.4203,0,0,3
"602",20,7,3,30,5.8139,0,0,3
"603",15,14,3,32,8.3083,0,0,3
"604",15,11,3,29,8.0606,0,1,3
"605",21,8,3,32,6.3666,0,0,3
"606",21,8,3,32,7.3897,0,0,3
"607",14,12,6,32,7.1947,0,0,3
"608",22,7,3,32,6.1504,0,0,3
"609",15,12,3,30,5.9338,0,0,3
"610",30,0,0,30,11.332,0,0,2
"611",24,6,0,30,6.5949,0,0,3
"612",15,12,3,30,10.7548,0,0,3
"613",23,6,3,32,8.4828,0,0,3
"614",15,11,6,32,7.9608,0,0,3
"615",22,6,3,31,8.9919,0,0,3
"616",20,9,3,32,8.7339,0,0,3
"617",20,9,3,32,7.6898,0,0,3
"618",19,10,3,32,7.8249,0,0,3
"619",17,12,3,32,6.3654,0,0,3
"620",24,5,3,32,8.5272,0,0,3
"621",23,6,3,32,5.8452,0,0,3
"622",19,10,3,32,7.54,0,0,3
"623",16,12,3,31,6.4413,0,0,3
"624",6,18,6,30,10.1493,0,0,3
"625",24,5,3,32,6.3784,0,0,3
"626",23,5,3,31,7.1227,0,0,3
"627",23,5,3,31,5.8599,0,0,3
"628",14,12,6,32,8.095,0,0,3
"629",15,14,3,32,7.7976,0,0,3
"630",24,3,3,30,6.4,0,0,3
"631",23,6,3,32,7.1751,0,0,3
"632",11,12,3,26,8.3112,0,1,3
"633",20,7,3,30,8.2121,0,0,3
"634",12,10,3,25,7.8805,0,1,3
"635",15,11,6,32,8.4439,0,0,3
"636",14,10,3,27,7.0289,0,1,3
"637",18,11,3,32,8.128,0,0,3
"638",19,10,3,32,7.6868,0,0,3
"639",23,6,3,32,7.6784,0,0,3
"640",20,7,3,30,5.8538,0,0,3
"641",15,10,6,31,7.6428,0,0,3
"642",15,11,6,32,10.6878,0,0,3
"643",6,10,3,19,6.9621,0,1,3
"644",15,11,3,29,7.7903,0,1,3
"645",15,10,3,28,7.4742,0,1,3
"646",6,15,6,27,9.8911,0,1,3
"647",19,8,3,30,7.6089,0,0,3
"648",18,11,3,32,8.1614,0,0,3
"649",21,8,3,32,7.7751,0,0,3
"650",17,12,3,32,7.0638,0,0,3
"651",15,12,3,30,9.504,0,0,3
"652",24,5,3,32,9.0515,0,0,3
"653",20,9,3,32,7.3676,0,0,3
"654",24,5,3,32,11.6196,0,0,3
"655",15,11,3,29,9.2067,0,1,3
"656",18,11,3,32,8.3154,0,0,3
"657",20,8,3,31,7.0829,0,0,3
"658",18,11,3,32,6.9092,0,0,3
"659",24,6,0,30,6.0488,0,0,3
"660",24,5,3,32,6.0792,0,0,3
"661",20,8,3,31,7.1841,0,0,3
"662",19,8,3,30,5.9352,0,0,3
"663",25,4,3,32,11.106,0,0,3
"664",15,12,3,30,8.7495,0,0,3
"665",22,7,3,32,8.2605,0,0,3
"666",18,11,3,32,8.1562,0,0,3
"667",18,11,3,32,7.8397,0,0,3
"668",23,6,3,32,7.4691,0,0,4
"669",18,9,3,30,5.8566,0,0,4
"670",26,6,0,32,9.5146,0,0,3
"671",25,6,0,31,7.5808,0,0,3
"672",15,14,3,32,6.6337,0,0,3
"673",15,13,3,31,7.4419,0,0,3
"674",22,7,3,32,6.7975,0,0,4
"675",23,6,3,32,7.5115,0,0,3
"676",15,11,3,29,8.5286,0,1,3
"677",21,8,3,32,6.8886,0,0,3
"678",24,6,0,30,7.6002,0,0,3
"679",24,6,0,30,6.7478,0,0,3
"680",22,7,3,32,7.4915,0,0,3
"681",25,6,0,31,7.6377,0,0,3
"682",25,6,0,31,6.963,0,0,3
"683",15,13,3,31,7.6494,0,0,3
"684",20,7,3,30,6.6522,0,0,3
"685",22,7,3,32,8.2193,0,0,3
"686",18,10,3,31,8.0931,0,0,3
"687",24,6,0,30,7.4747,0,0,3
"688",21,8,3,32,7.7507,0,0,3
"689",15,14,3,32,6.7251,0,0,3
"690",22,7,3,32,7.6354,0,0,3
"691",15,11,3,29,7.9969,0,1,3
"692",15,0,0,15,4.8245,1,0,2
"693",12,0,0,12,3.2846,1,0,2
"694",15,11,6,32,10.6716,0,0,3
"695",15,12,3,30,8.1799,0,0,3
"696",21,8,3,32,10.4184,0,0,3
"697",14,12,6,32,10.0077,0,0,3
"698",19,10,3,32,8.3108,0,0,3
"699",24,6,0,30,8.9249,0,0,3
"700",15,11,3,29,7.5889,0,1,3
"701",24,4,3,31,5.9356,0,0,3
"702",24,6,0,30,9.2309,0,0,3
"703",24,6,0,30,7.87,0,0,3
"704",20,9,3,32,6.79,0,0,3
"705",16,11,3,30,10.0589,0,0,3
"706",28,3,0,31,9.0295,0,0,2
"707",27,3,0,30,7.0739,0,0,2
"708",27,3,0,30,5.1398,0,0,2
"709",24,5,3,32,6.0499,0,0,3
"710",9,0,0,9,4.1016,0,1,1
"711",15,12,3,30,7.9828,0,0,3
"712",18,9,3,30,5.5371,0,0,3
"713",23,9,0,32,8.8194,0,0,3
"714",23,9,0,32,8.4711,0,0,3
"715",18,11,3,32,9.8323,0,0,3
"716",17,10,3,30,9.9251,0,0,3
"717",16,13,3,32,8.7975,0,0,3
"718",16,13,3,32,8.0695,0,0,3
"719",20,7,3,30,7.1649,0,0,3
"720",20,7,3,30,7.2191,0,0,3
"721",6,12,3,21,8.1953,0,1,3
"722",19,10,3,32,7.1213,0,0,3
"723",21,8,3,32,6.7352,0,0,3
"724",27,3,0,30,6.8749,0,0,3
"725",15,9,3,27,8.5974,0,1,3
"726",24,6,0,30,6.4988,0,0,3
"727",17,12,3,32,6.8634,0,0,3
"728",20,7,3,30,9.3125,0,0,3
"729",19,8,3,30,6.3846,0,0,3
"730",15,11,6,32,8.7143,0,0,3
"731",15,14,3,32,8.0022,0,0,3
"732",15,9,6,30,8.1578,0,0,3
"733",22,7,3,32,8.6559,0,0,3
"734",13,11,6,30,6.9743,0,0,3
"735",20,9,3,32,9.1682,0,0,3
"736",15,11,3,29,9.3377,0,1,3
"737",18,11,3,32,8.5302,0,0,3
"738",15,12,3,30,6.014,0,0,4
"739",27,3,0,30,5.4135,0,0,3
"740",27,3,0,30,8.2286,0,0,3
"741",23,6,3,32,6.0025,0,0,3
"742",19,10,3,32,6.8973,0,0,3
"743",23,6,3,32,6.9326,0,0,3
"744",14,15,3,32,6.5169,0,0,3
"745",23,6,3,32,5.9424,0,0,3
"746",20,7,3,30,6.1285,0,0,3
"747",24,5,3,32,7.2273,0,0,3
"748",15,11,3,29,7.1755,0,1,3
"749",26,6,0,32,6.5611,0,0,3
"750",15,11,6,32,7.992,0,0,3
"751",17,12,3,32,6.549,0,0,3
"752",26,6,0,32,8.3888,0,0,3
"753",26,6,0,32,7.1751,0,0,3
"754",15,10,3,28,8.5741,0,1,3
"755",14,10,3,27,8.3338,0,1,3
"756",15,11,6,32,8.5804,0,0,3
"757",19,10,3,32,6.8005,0,0,3
"758",15,11,6,32,9.7587,0,0,3
"759",21,8,3,32,6.6132,0,0,3
"760",16,10,6,32,6.6564,0,0,3
"761",20,7,3,30,6.4066,0,0,3
"762",23,6,3,32,8.5355,0,0,3
"763",17,12,3,32,7.511,0,0,3
"764",20,7,3,30,7.6804,0,0,3
"765",23,6,3,32,7.1301,0,0,3
"766",24,5,3,32,9.7972,0,0,3
"767",23,6,3,32,8.2089,0,0,3
"768",18,9,3,30,7.0516,0,0,3
"769",15,12,3,30,7.2885,0,0,3
"770",21,8,3,32,7.9628,0,0,3
"771",15,10,6,31,9.0979,0,0,3
"772",20,9,3,32,7.4197,0,0,3
"773",19,10,3,32,6.7023,0,0,3
"774",18,9,3,30,6.8097,0,0,3
"775",20,9,3,32,5.7157,0,0,3
"776",24,5,3,32,5.9424,0,0,3
"777",24,5,3,32,6.4885,0,0,4
"778",19,8,3,30,6.1645,0,0,3
"779",21,8,3,32,7.2461,0,0,3
"780",15,13,3,31,7.9213,0,0,3
"781",19,9,3,31,6.4514,0,0,3
"782",23,6,3,32,7.4379,0,0,3
"783",20,9,3,32,7.733,0,0,3
"784",15,11,6,32,7.3534,0,0,4
"785",14,12,6,32,6.6973,0,0,3
"786",15,14,3,32,6.7193,0,0,3
"787",15,9,3,27,6.4534,0,1,3
"788",21,7,3,31,6.2984,0,0,3
"789",16,12,3,31,6.4453,0,0,3
"790",15,12,3,30,8.6096,0,0,4
"791",24,5,3,32,7.9489,0,0,3
"792",16,10,6,32,7.1055,0,0,3
"793",22,7,3,32,8.7161,0,0,3
"794",15,10,3,28,7.7864,0,1,3
"795",14,10,6,30,7.3554,0,0,3
"796",18,9,3,30,7.3965,0,0,3
"797",18,11,3,32,7.1965,0,0,3
"798",15,13,3,31,7.6095,0,0,3
"799",19,10,3,32,5.7596,0,0,3
"800",19,7,6,32,9.7774,0,0,3
"801",19,7,6,32,7.8087,0,0,3
"802",15,9,3,27,8.3606,0,1,3
"803",21,6,3,30,6.8172,0,0,3
"804",21,6,3,30,8.8488,0,0,3
"805",15,11,3,29,6.7162,0,1,3
"806",15,9,3,27,6.537,0,1,3
"807",18,10,3,31,6.3985,0,0,3
"808",25,6,0,31,6.1607,0,0,3
"809",26,3,3,32,7.5069,0,0,4
"810",18,9,3,30,6.5526,0,0,4
"811",16,9,6,31,6.4056,0,0,3
"812",23,6,3,32,7.8059,0,0,4
"813",24,5,3,32,10.8405,0,0,3
"814",14,12,6,32,9.5602,0,0,3
"815",15,11,3,29,8.024,0,1,3
"816",19,9,3,31,8.4005,0,0,3
"817",16,9,3,28,6.9084,0,1,3
"818",22,6,3,31,6.8949,0,0,3
"819",20,9,3,32,7.0969,0,0,3
"820",15,13,3,31,7.5668,0,0,3
"821",16,13,3,32,6.7002,0,0,3
"822",19,8,3,30,6.0796,0,0,3
"823",15,14,3,32,10.3038,0,0,3
"824",27,3,0,30,9.0595,0,0,3
"825",15,11,6,32,7.2066,0,0,3
"826",24,6,0,30,8.4328,0,0,3
"827",15,13,3,31,8.9207,0,0,3
"828",15,10,3,28,8.1082,0,1,3
"829",22,7,3,32,6.3138,0,0,3
"830",27,3,0,30,6.0348,0,0,3
"831",15,10,3,28,7.6565,0,1,3
"832",19,10,3,32,8.5701,0,0,3
"833",18,10,3,31,7.0054,0,0,3
"834",21,8,3,32,7.8261,0,0,3
"835",15,11,3,29,7.5064,0,1,3
"836",19,10,3,32,6.4129,0,0,3
"837",24,4,3,31,7.1501,0,0,3
"838",15,11,3,29,10.2617,0,1,3
"839",20,8,3,31,8.1885,0,0,3
"840",19,10,3,32,7.2018,0,0,3
"841",20,9,3,32,7.1925,0,0,3
"842",21,8,3,32,6.8635,0,0,3
"843",21,6,3,30,6.6014,0,0,3
"844",15,11,3,29,9.4842,0,1,3
"845",15,11,3,29,8.293,0,1,3
"846",21,8,3,32,7.6889,0,0,3
"847",18,10,3,31,5.8982,0,0,3
"848",15,11,3,29,7.9381,0,1,3
"849",18,11,3,32,6.4194,0,0,3
"850",21,7,3,31,6.9605,0,0,3
"851",21,7,3,31,5.7289,0,0,3
"852",18,11,3,32,6.8359,0,0,3
"853",19,10,3,32,6.7817,0,0,3
"854",15,11,6,32,7.2512,0,0,3
"855",26,6,0,32,7.3879,0,0,3
"856",24,3,3,30,7.2986,0,0,3
"857",23,6,3,32,7.0324,0,0,3
"858",21,8,3,32,7.2485,0,0,3
"859",14,7,9,30,7.2821,0,0,4
"860",20,9,3,32,7.3412,0,0,3
"861",21,8,3,32,10.1076,0,0,3
"862",17,11,3,31,7.6108,0,0,3
"863",19,9,3,31,7.5064,0,0,3
"864",19,10,3,32,6.9937,0,0,3
"865",22,7,3,32,6.5783,0,0,3
"866",15,9,6,30,9.222,0,0,3
"867",6,14,3,23,8.3967,0,1,3
"868",24,5,3,32,7.6299,0,0,3
"869",15,9,3,27,6.9915,0,1,3
"870",18,11,3,32,6.7572,0,0,3
"871",20,6,6,32,7.1461,0,0,4
"872",6,13,6,25,10.3094,0,1,3
"873",15,12,3,30,10.0701,0,0,3
"874",17,12,3,32,9.1244,0,0,3
"875",23,6,3,32,7.9093,0,0,3
"876",15,12,3,30,8.1015,0,0,3
"877",24,6,0,30,6.3126,0,0,3
"878",18,11,3,32,7.2553,0,0,3
"879",20,8,3,31,7.5485,0,0,3
"880",20,8,3,31,6.9996,0,0,3
"881",19,10,3,32,6.7715,0,0,4
"882",15,10,3,28,8.9919,0,1,3
"883",19,10,3,32,8.3248,0,0,3
"884",21,8,3,32,7.2828,0,0,3
"885",17,12,3,32,8.3935,0,0,3
"886",23,9,0,32,7.4251,0,0,3
"887",17,12,3,32,9.1302,0,0,3
"888",9,0,0,9,3.6175,0,1,1
"889",16,11,3,30,7.9515,0,0,3
"890",17,12,3,32,8.4386,0,0,3
"891",15,12,3,30,7.5971,0,0,3
"892",23,6,3,32,6.7491,0,0,3
"893",13,9,3,25,7.0962,0,1,3
"894",15,12,3,30,7.4271,0,0,3
"895",15,9,3,27,7.102,0,1,3
"896",13,10,3,26,7.6118,0,1,3
"897",14,12,6,32,6.8955,0,0,3
"898",22,7,3,32,7.4553,0,0,3
"899",18,11,3,32,6.9583,0,0,3
"900",18,11,3,32,8.6994,0,0,3
"901",18,11,3,32,7.4063,0,0,3
"902",22,7,3,32,7.2791,0,0,3
"903",24,6,0,30,6.2867,0,0,3
"904",25,4,3,32,8.7771,0,0,3
"905",21,8,3,32,7.0977,0,0,3
"906",21,8,3,32,5.6923,0,0,3
"907",20,8,3,31,9.261,0,0,3
"908",15,11,6,32,10.0354,0,0,4
"909",21,8,3,32,8.4079,0,0,3
"910",22,6,3,31,8.9064,0,0,4
"911",21,8,3,32,7.693,0,0,3
"912",24,6,0,30,9.3202,0,0,3
"913",22,7,3,32,9.3062,0,0,3
"914",22,7,3,32,8.1008,0,0,3
"915",15,11,3,29,8.6822,0,1,3
"916",18,11,3,32,7.6495,0,0,3
"917",18,11,3,32,7.4399,0,0,3
"918",17,9,6,32,8.2984,0,0,3
"919",12,10,3,25,7.6799,0,1,3
"920",6,15,6,27,9.0292,0,1,3
"921",17,12,3,32,6.0845,0,0,3
"922",20,9,3,32,6.4641,0,0,3
"923",22,7,3,32,5.9694,0,0,3
"924",14,15,3,32,6.2827,0,0,3
"925",18,9,3,30,8.8201,0,0,3
"926",24,5,3,32,7.4714,0,0,3
"927",15,12,3,30,7.1446,0,0,3
"928",15,11,6,32,8.5701,0,0,4
"929",23,6,3,32,7.0558,0,0,4
"930",20,7,3,30,9.6383,0,0,3
"931",20,7,3,30,8.711,0,0,3
"932",14,12,6,32,10.0978,0,0,4
"933",22,7,3,32,7.3771,0,0,3
"934",13,11,6,30,7.8648,0,0,3
"935",21,8,3,32,7.9908,0,0,3
"936",19,8,3,30,6.6156,0,0,3
"937",17,10,3,30,6.2161,0,0,3
"938",23,6,3,32,7.5633,0,0,3
"939",21,8,3,32,8.4811,0,0,3
"940",27,3,0,30,9.3154,0,0,3
"941",27,3,0,30,7.2879,0,0,3
"942",27,3,0,30,9.1175,0,0,3
"943",20,9,3,32,7.2784,0,0,3
"944",16,13,3,32,7.1432,0,0,3
"945",21,8,3,32,6.1445,0,0,4
"946",22,7,3,32,6.3744,0,0,4
"947",24,5,3,32,7.0289,0,0,3
"948",20,9,3,32,6.1631,0,0,3
"949",18,9,3,30,9.4235,0,0,3
"950",15,11,6,32,7.7467,0,0,3
"951",23,6,3,32,7.3248,0,0,3
"952",21,8,3,32,7.6286,0,0,3
"953",19,9,3,31,6.8515,0,0,3
"954",20,7,3,30,8.1592,0,0,3
"955",22,7,3,32,8.0616,0,0,3
"956",27,3,0,30,9.4578,0,0,3
"957",25,4,3,32,9.5663,0,0,3
"958",21,8,3,32,9.0821,0,0,3
"959",15,11,3,29,8.6054,0,1,3
"960",15,11,6,32,8.5236,0,0,3
"961",21,8,3,32,8.3092,0,0,3
"962",17,12,3,32,8.0071,0,0,3
"963",21,8,3,32,7.1383,0,0,3
"964",15,11,3,29,6.4529,0,1,3
"965",19,10,3,32,7.0237,0,0,3
"966",18,11,3,32,6.8054,0,0,3
"967",27,3,0,30,7.1067,0,0,2
"968",24,3,0,27,5.8644,0,1,2
"969",22,7,3,32,6.6151,0,0,3
"970",23,6,3,32,8.8184,0,0,3
"971",22,6,3,31,6.1738,0,0,3
"972",23,6,3,32,6.1474,0,0,3
"973",20,9,3,32,7.6856,0,0,3
"974",24,6,0,30,7.0723,0,0,3
"975",22,7,3,32,8.9137,0,0,3
"976",21,7,3,31,7.613,0,0,3
"977",27,3,0,30,8.4974,0,0,3
"978",18,11,3,32,11.746,0,0,4
"979",26,6,0,32,8.3675,0,0,3
"980",27,3,0,30,8.9522,0,0,3
"981",23,4,3,30,8.0946,0,0,3
"982",15,10,3,28,8.1398,0,1,3
"983",24,6,0,30,6.849,0,0,3
"984",21,8,3,32,6.5145,0,0,3
"985",26,6,0,32,9.4851,0,0,3
"986",15,11,3,29,7.2147,0,1,3
"987",24,6,0,30,7.2686,0,0,3
"988",24,6,0,30,6.0384,0,0,3
"989",27,0,0,27,10.5409,0,1,2
"990",24,6,0,30,12.5507,0,0,3
"991",15,12,3,30,9.6944,0,0,3
"992",24,6,0,30,9.5692,0,0,3
"993",9,0,0,9,4.1285,0,1,1
"994",21,8,3,32,10.0808,0,0,3
"995",13,13,6,32,9.2915,0,0,3
"996",16,10,6,32,10.1597,0,0,3
"997",13,13,6,32,10.4362,0,0,3
"998",14,12,3,29,8.3115,0,1,3
"999",23,6,3,32,8.6602,0,0,3
"1000",20,8,3,31,7.6669,0,0,3
