"","N_under_dosing","N_MTD","N_over_dosing","Pts","Length","Safety_stop","Sufficient_info","MTD"
"1",0,9,0,9,4.247,0,1,1
"2",0,9,0,9,3.9729,0,1,1
"3",0,6,21,27,11.137,0,1,3
"4",0,12,18,30,11.0432,0,0,2
"5",0,12,6,18,6.8187,0,1,1
"6",0,15,15,30,8.9079,0,0,2
"7",0,9,0,9,4.3947,0,1,1
"8",0,12,9,21,5.4617,0,1,2
"9",0,12,3,15,4.3927,0,1,1
"10",0,11,13,24,9.4107,0,1,1
"11",0,9,0,9,3.6482,1,0,0
"12",0,6,0,6,2.3197,1,0,0
"13",0,9,0,9,4.0968,0,1,1
"14",0,14,17,31,12.1573,0,0,2
"15",0,3,0,3,0.8872,1,0,0
"16",0,9,0,9,4.4193,0,1,1
"17",0,19,12,31,10.7444,0,0,1
"18",0,6,9,15,7.5203,0,1,2
"19",0,18,9,27,8.5294,0,1,1
"20",0,15,12,27,8.3769,0,1,2
"21",0,9,0,9,4.9116,1,0,0
"22",0,9,0,9,3.8643,1,0,0
"23",0,6,0,6,2.371,1,0,0
"24",0,9,0,9,4.3162,0,1,1
"25",0,15,6,21,5.6571,0,1,1
"26",0,9,0,9,3.8661,0,1,1
"27",0,18,12,30,11.8945,0,0,1
"28",0,19,12,31,11.1002,0,0,1
"29",0,18,12,30,10.1358,0,0,1
"30",0,9,3,12,4.5244,0,1,1
"31",0,14,6,20,4.5547,0,1,1
"32",0,9,0,9,3.499,0,1,1
"33",0,9,0,9,3.9136,0,1,1
"34",0,13,6,19,6.954,0,1,1
"35",0,9,0,9,3.6375,0,1,1
"36",0,9,0,9,3.3925,0,1,1
"37",0,9,0,9,4.9481,1,0,0
"38",0,9,0,9,4.8197,1,0,0
"39",0,16,9,25,9.0094,0,1,2
"40",0,15,16,31,7.8256,0,0,2
"41",0,15,3,18,4.1675,0,1,1
"42",0,9,3,12,5.6129,0,1,1
"43",0,11,3,14,3.47,0,1,1
"44",0,15,9,24,6.6219,0,1,2
"45",0,6,0,6,2.4263,1,0,0
"46",0,9,0,9,3.9976,0,1,1
"47",0,9,0,9,4.3102,0,1,1
"48",0,11,21,32,11.2395,0,0,2
"49",0,15,15,30,8.3297,0,0,2
"50",0,9,0,9,3.9663,0,1,1
"51",0,10,3,13,3.3024,1,0,1
"52",0,9,0,9,3.7558,0,1,1
"53",0,18,12,30,9.8498,0,0,1
"54",0,18,9,27,8.5208,0,1,1
"55",0,9,0,9,3.5311,0,1,1
"56",0,9,0,9,3.3711,1,0,0
"57",0,9,0,9,4.8635,0,1,1
"58",0,15,13,28,8.01,0,1,1
"59",0,3,28,31,10.3174,0,0,2
"60",0,9,0,9,4.1115,0,1,1
"61",0,12,9,21,5.9438,1,0,2
"62",0,15,9,24,9.2035,0,1,1
"63",0,9,0,9,3.9323,0,1,1
"64",0,9,6,15,6.317,0,1,1
"65",0,9,0,9,3.9481,0,1,1
"66",0,15,17,32,10.5988,0,0,1
"67",0,9,0,9,4.1355,0,1,1
"68",0,9,0,9,3.5366,0,1,1
"69",0,9,3,12,4.4935,0,1,2
"70",0,15,3,18,5.1524,0,1,1
"71",0,9,0,9,4.0423,0,1,1
"72",0,15,17,32,7.9242,0,0,1
"73",0,15,3,18,4.9194,0,1,1
"74",0,9,0,9,3.6331,0,1,1
"75",0,15,6,21,8.3087,0,1,1
"76",0,12,18,30,9.1987,0,0,2
"77",0,12,18,30,7.9114,0,0,2
"78",0,9,0,9,4.197,0,1,1
"79",0,9,0,9,4.5361,0,1,1
"80",0,14,3,17,3.6398,0,1,1
"81",0,6,0,6,2.7638,1,0,0
"82",0,9,0,9,3.2103,1,0,0
"83",0,6,0,6,2.6955,1,0,0
"84",0,7,3,10,2.9824,1,0,1
"85",0,15,3,18,7.0865,0,1,1
"86",0,14,3,17,4.9068,0,1,1
"87",0,9,0,9,4.5209,0,1,1
"88",0,9,0,9,4.4488,1,0,0
"89",0,6,0,6,2.2313,1,0,0
"90",0,20,9,29,11.0543,0,1,1
"91",0,9,0,9,3.8234,0,1,1
"92",0,9,0,9,3.807,0,1,1
"93",0,15,9,24,6.7704,0,1,1
"94",0,15,9,24,8.3799,0,1,1
"95",0,9,0,9,3.97,0,1,1
"96",0,9,0,9,3.7336,0,1,1
"97",0,9,0,9,3.6322,0,1,1
"98",0,9,0,9,3.7868,1,0,0
"99",0,9,0,9,3.9898,1,0,0
"100",0,9,0,9,4.1726,0,1,1
"101",0,15,16,31,10.3934,0,0,1
"102",0,9,0,9,3.8696,1,0,0
"103",0,21,9,30,8.8411,0,0,1
"104",0,18,12,30,11.3054,0,0,1
"105",0,18,12,30,10.2527,0,0,1
"106",0,14,3,17,5.3226,0,1,1
"107",0,9,0,9,4.4556,0,1,1
"108",0,9,0,9,3.6614,0,1,1
"109",0,15,17,32,10.8388,0,0,1
"110",0,15,6,21,5.2777,0,1,1
"111",0,8,9,17,5.7601,1,0,2
"112",0,15,6,21,10.8788,0,1,1
"113",0,15,6,21,7.9121,0,1,1
"114",0,14,6,20,5.0987,0,1,1
"115",0,9,0,9,3.8134,0,1,1
"116",0,9,0,9,4.7826,0,1,1
"117",0,9,0,9,4.1461,0,1,1
"118",0,3,9,12,5.2509,0,1,2
"119",0,9,0,9,4.2963,0,1,1
"120",0,15,3,18,6.843,0,1,1
"121",0,18,12,30,10.3097,0,0,1
"122",0,9,0,9,3.7802,0,1,1
"123",0,15,3,18,7.9622,0,1,2
"124",0,11,13,24,7.295,1,0,1
"125",0,11,3,14,4.7257,0,1,2
"126",0,12,9,21,8.4536,0,1,1
"127",0,12,9,21,5.8474,0,1,2
"128",0,3,0,3,0.6698,1,0,0
"129",0,12,11,23,5.4081,0,1,1
"130",0,9,0,9,3.7182,0,1,1
"131",0,9,0,9,3.8062,0,1,1
"132",0,9,0,9,4.0637,0,1,1
"133",0,9,0,9,4.1201,0,1,1
"134",0,15,9,24,8.1546,0,1,2
"135",0,12,9,21,6.9093,0,1,2
"136",0,12,9,21,8.3238,0,1,2
"137",0,18,6,24,10.9861,0,1,1
"138",0,15,6,21,10.0121,0,1,1
"139",0,12,6,18,7.3267,0,1,1
"140",0,18,6,24,7.4635,0,1,1
"141",0,9,0,9,3.7407,0,1,1
"142",0,18,6,24,8.9444,0,1,1
"143",0,9,0,9,3.6576,0,1,1
"144",0,18,6,24,6.9444,0,1,1
"145",0,9,0,9,3.8862,1,0,0
"146",0,10,3,13,4.0062,0,1,1
"147",0,12,18,30,11.0394,0,0,1
"148",0,9,0,9,4.8145,0,1,1
"149",0,9,0,9,4.35,0,1,1
"150",0,9,0,9,4.1724,0,1,1
"151",0,18,12,30,10.3518,0,0,1
"152",0,9,0,9,4.4124,0,1,1
"153",0,9,0,9,4.3871,1,0,0
"154",0,9,0,9,4.4801,0,1,1
"155",0,9,0,9,4.507,0,1,1
"156",0,9,0,9,4.8526,0,1,1
"157",0,9,0,9,4.4924,1,0,0
"158",0,9,0,9,3.6724,0,1,1
"159",0,15,6,21,8.0248,0,1,1
"160",0,9,0,9,4.662,0,1,1
"161",0,8,12,20,5.542,0,1,1
"162",0,9,6,15,7.137,0,1,1
"163",0,6,0,6,2.4575,1,0,0
"164",0,15,3,18,5.9873,0,1,2
"165",0,6,24,30,9.2146,0,0,2
"166",0,18,12,30,11.3993,0,0,1
"167",0,9,0,9,4.4729,0,1,1
"168",0,9,0,9,3.3686,0,1,1
"169",0,18,12,30,10.4005,0,0,1
"170",0,12,9,21,5.9689,0,1,2
"171",0,9,0,9,3.953,0,1,1
"172",0,9,0,9,4.2743,0,1,1
"173",0,15,3,18,6.1647,0,1,1
"174",0,12,18,30,7.2655,0,0,2
"175",0,9,0,9,3.851,0,1,1
"176",0,9,0,9,4.044,0,1,1
"177",0,3,0,3,0.3796,1,0,0
"178",0,3,29,32,7.722,0,0,3
"179",0,21,9,30,10.7494,0,0,1
"180",0,6,0,6,3.2175,1,0,0
"181",0,12,17,29,9.4117,0,1,1
"182",0,18,12,30,13.1996,0,0,2
"183",0,18,12,30,12.0439,0,0,2
"184",0,18,12,30,10.6294,0,0,2
"185",0,9,0,9,3.8529,0,1,1
"186",0,12,18,30,8.1369,0,0,3
"187",0,11,21,32,6.8989,0,0,2
"188",0,10,3,13,4.9524,1,0,1
"189",0,9,0,9,4.7961,0,1,1
"190",0,12,9,21,6.4916,0,1,1
"191",0,9,0,9,4.311,1,0,0
"192",0,9,0,9,3.9809,0,1,1
"193",0,15,15,30,8.0186,0,0,3
"194",0,12,20,32,10.939,0,0,2
"195",0,11,21,32,7.4997,0,0,3
"196",0,3,25,28,9.1363,0,1,2
"197",0,9,23,32,7.7013,0,0,2
"198",0,14,15,29,11.5042,0,1,2
"199",0,18,12,30,8.955,0,0,2
"200",0,12,15,27,6.454,0,1,2
"201",0,9,0,9,4.1839,0,1,1
"202",0,10,3,13,4.2754,0,1,1
"203",0,12,18,30,9.8326,0,0,1
"204",0,15,3,18,5.414,0,1,2
"205",0,10,17,27,11.3421,0,1,2
"206",0,17,15,32,13.2867,0,0,1
"207",0,12,15,27,10.3575,0,1,2
"208",0,12,18,30,9.6796,0,0,2
"209",0,15,6,21,7.6663,0,1,1
"210",0,8,3,11,3.7223,1,0,2
"211",0,3,15,18,6.9762,0,1,2
"212",0,3,12,15,5.4275,0,1,2
"213",0,9,0,9,3.7976,1,0,0
"214",0,6,0,6,2.6658,1,0,0
"215",0,8,23,31,6.7242,0,0,2
"216",0,18,12,30,10.77,0,0,1
"217",0,12,3,15,3.326,1,0,2
"218",0,9,0,9,4.2132,0,1,1
"219",0,15,6,21,7.6794,0,1,1
"220",0,9,15,24,8.045,0,1,3
"221",0,15,6,21,5.8473,0,1,2
"222",0,9,0,9,4.2583,0,1,1
"223",0,15,9,24,9.109,0,1,2
"224",0,15,6,21,5.4052,0,1,1
"225",0,12,18,30,9.0472,0,0,3
"226",0,9,0,9,3.6755,0,1,1
"227",0,12,9,21,5.6586,0,1,2
"228",0,12,9,21,7.7587,0,1,2
"229",0,12,18,30,10.6835,0,0,1
"230",0,6,0,6,2.8585,1,0,0
"231",0,3,9,12,6.1998,0,1,2
"232",0,3,9,12,5.4546,0,1,2
"233",0,15,9,24,6.7393,0,1,1
"234",0,9,0,9,4.7817,0,1,1
"235",0,9,0,9,4.1835,0,1,1
"236",0,3,0,3,0.7018,1,0,0
"237",0,12,18,30,6.9858,0,0,2
"238",0,3,9,12,5.4963,0,1,2
"239",0,15,3,18,7.665,0,1,2
"240",0,3,21,24,8.4106,0,1,3
"241",0,12,3,15,5.4631,0,1,1
"242",0,9,0,9,4.5708,0,1,1
"243",0,15,3,18,7.5727,0,1,1
"244",0,9,18,27,8.1998,0,1,1
"245",0,9,0,9,4.2574,0,1,1
"246",0,11,21,32,7.7054,0,0,2
"247",0,15,6,21,6.7636,0,1,1
"248",0,9,0,9,3.695,0,1,1
"249",0,9,0,9,3.8891,1,0,0
"250",0,3,0,3,0.6456,1,0,0
"251",0,9,0,9,4.1225,0,1,1
"252",0,12,9,21,6.677,0,1,2
"253",0,9,0,9,3.7308,0,1,1
"254",0,10,3,13,5.6019,0,1,1
"255",0,15,9,24,6.6874,0,1,1
"256",0,12,3,15,5.9456,0,1,1
"257",0,9,0,9,4.058,0,1,1
"258",0,15,16,31,11.4827,0,0,2
"259",0,12,18,30,10.934,0,0,2
"260",0,9,0,9,4.429,0,1,1
"261",0,12,18,30,8.9786,0,0,2
"262",0,18,9,27,11.2368,0,1,1
"263",0,18,9,27,8.6905,0,1,1
"264",0,15,9,24,7.2324,0,1,1
"265",0,10,3,13,4.8131,1,0,1
"266",0,12,13,25,9.8274,0,1,2
"267",0,12,13,25,8.5862,0,1,2
"268",0,12,9,21,6.7933,0,1,2
"269",0,10,3,13,5.3024,0,1,1
"270",0,6,0,6,3.2046,1,0,0
"271",0,9,0,9,3.7752,0,1,1
"272",0,9,0,9,3.7725,1,0,0
"273",0,6,0,6,2.4876,1,0,0
"274",0,12,9,21,6.2023,1,0,1
"275",0,11,9,20,7.2749,0,1,1
"276",0,12,18,30,6.3553,0,0,2
"277",0,15,3,18,5.1346,0,1,1
"278",0,9,0,9,4.8936,1,0,0
"279",0,9,0,9,3.8603,0,1,1
"280",0,9,0,9,3.7838,1,0,0
"281",0,12,9,21,6.8765,0,1,2
"282",0,15,3,18,7.6786,0,1,2
"283",0,14,3,17,6.2902,0,1,2
"284",0,11,18,29,8.5215,0,1,1
"285",0,17,12,29,11.7094,0,1,1
"286",0,9,0,9,4.1105,0,1,1
"287",0,15,6,21,7.7549,0,1,1
"288",0,13,6,19,6.3835,0,1,1
"289",0,13,3,16,4.2824,0,1,1
"290",0,9,3,12,5.0803,0,1,1
"291",0,6,0,6,2.2314,1,0,0
"292",0,3,0,3,0.7728,1,0,0
"293",0,15,3,18,3.8175,0,1,1
"294",0,6,0,6,2.4603,1,0,0
"295",0,9,3,12,5.2179,0,1,1
"296",0,9,3,12,4.4811,1,0,0
"297",0,6,0,6,2.3122,1,0,0
"298",0,9,0,9,4.367,1,0,0
"299",0,15,6,21,6.7022,0,1,1
"300",0,9,3,12,3.314,1,0,2
"301",0,13,17,30,9.4542,0,0,1
"302",0,9,0,9,4.1533,0,1,1
"303",0,16,9,25,8.5346,0,1,1
"304",0,6,0,6,3.0133,1,0,0
"305",0,15,3,18,5.3794,0,1,1
"306",0,13,6,19,7.3039,0,1,1
"307",0,17,6,23,8.8618,0,1,1
"308",0,6,0,6,2.7081,1,0,0
"309",0,18,12,30,12.561,0,0,2
"310",0,18,12,30,10.6996,0,0,2
"311",0,6,0,6,2.5624,1,0,0
"312",0,14,9,23,8.0786,0,1,2
"313",0,9,3,12,6.0111,0,1,1
"314",0,10,3,13,5.9836,0,1,1
"315",0,18,12,30,8.8415,0,0,2
"316",0,18,12,30,8.8027,0,0,2
"317",0,12,19,31,10.7218,0,0,1
"318",0,9,0,9,4.143,0,1,1
"319",0,15,3,18,7.6419,0,1,1
"320",0,13,3,16,6.0844,0,1,1
"321",0,16,9,25,9.8162,0,1,1
"322",0,18,9,27,8.1232,0,1,1
"323",0,9,0,9,4.2867,0,1,1
"324",0,9,0,9,4.3549,0,1,1
"325",0,9,0,9,3.8045,1,0,0
"326",0,9,0,9,3.543,0,1,1
"327",0,9,0,9,4.3889,0,1,1
"328",0,3,0,3,0.776,1,0,0
"329",0,3,9,12,6.0968,0,1,2
"330",0,9,0,9,4.1238,0,1,1
"331",0,11,3,14,5.5498,0,1,1
"332",0,9,0,9,3.5423,0,1,1
"333",0,9,3,12,4.9768,0,1,1
"334",0,6,0,6,2.6991,1,0,0
"335",0,15,9,24,8.157,0,1,1
"336",0,15,9,24,8.1808,0,1,2
"337",0,15,3,18,6.6084,0,1,1
"338",0,3,12,15,5.3286,0,1,2
"339",0,6,0,6,2.4634,1,0,0
"340",0,12,18,30,8.469,0,0,2
"341",0,12,19,31,7.62,0,0,2
"342",0,17,9,26,8.2539,0,1,1
"343",0,12,18,30,9.9423,0,0,2
"344",0,14,18,32,10.9925,0,0,3
"345",0,3,22,25,9.0963,0,1,3
"346",0,12,20,32,8.163,0,0,3
"347",0,12,20,32,6.8759,0,0,3
"348",0,14,6,20,8.6422,0,1,1
"349",0,15,17,32,8.4043,0,0,2
"350",0,15,9,24,8.8933,0,1,2
"351",0,9,0,9,4.5463,0,1,1
"352",0,12,18,30,7.4038,0,0,3
"353",0,3,9,12,5.5686,0,1,2
"354",0,12,9,21,7.244,1,0,2
"355",0,3,27,30,9.2693,0,0,2
"356",0,10,3,13,5.6649,0,1,1
"357",0,15,6,21,8.8213,0,1,1
"358",0,9,0,9,4.0097,0,1,1
"359",0,9,0,9,4.3117,0,1,1
"360",0,3,9,12,5.5626,0,1,2
"361",0,12,18,30,10.6785,0,0,1
"362",0,9,0,9,3.8692,0,1,1
"363",0,15,12,27,10.4603,0,1,1
"364",0,6,0,6,2.4036,1,0,0
"365",0,9,0,9,4.2515,0,1,1
"366",0,15,9,24,7.1306,0,1,1
"367",0,12,9,21,9.5438,0,1,2
"368",0,12,9,21,7.5589,0,1,2
"369",0,9,0,9,3.8357,0,1,1
"370",0,9,0,9,4.1365,0,1,1
"371",0,15,17,32,8.3388,0,0,2
"372",0,15,6,21,6.2784,0,1,1
"373",0,9,0,9,3.4118,0,1,1
"374",0,9,0,9,4.0125,0,1,1
"375",0,9,0,9,4.3964,0,1,1
"376",0,9,0,9,4.5502,0,1,1
"377",0,9,0,9,4.2499,0,1,1
"378",0,18,12,30,9.3543,0,0,1
"379",0,3,24,27,8.6497,0,1,2
"380",0,3,0,3,0.8752,1,0,0
"381",0,6,0,6,2.539,1,0,0
"382",0,12,15,27,5.7685,0,1,2
"383",0,6,0,6,2.0762,1,0,0
"384",0,9,0,9,5.0335,0,1,1
"385",0,9,0,9,4.0519,0,1,1
"386",0,12,3,15,3.8226,0,1,1
"387",0,9,0,9,4.2335,1,0,0
"388",0,15,6,21,7.929,0,1,1
"389",0,3,29,32,11.3181,0,0,3
"390",0,20,12,32,12.5137,0,0,2
"391",0,9,0,9,4.4314,0,1,1
"392",0,12,9,21,6.2045,0,1,2
"393",0,13,3,16,7.681,0,1,2
"394",0,11,3,14,4.2433,0,1,2
"395",0,15,9,24,9.0451,0,1,1
"396",0,12,18,30,9.8864,0,0,3
"397",0,12,18,30,8.7639,0,0,3
"398",0,3,29,32,9.7551,0,0,3
"399",0,12,18,30,8.926,0,0,3
"400",0,12,18,30,7.2803,0,0,3
"401",0,9,0,9,4.5343,0,1,1
"402",0,12,9,21,6.4916,0,1,2
"403",0,9,0,9,4.237,0,1,1
"404",0,3,9,12,5.7653,0,1,2
"405",0,15,3,18,4.4713,0,1,1
"406",0,3,0,3,1.598,1,0,0
"407",0,18,12,30,11.2792,0,0,2
"408",0,6,0,6,2.4303,1,0,0
"409",0,11,3,14,4.4168,0,1,1
"410",0,12,9,21,6.0486,0,1,2
"411",0,6,0,6,2.7221,1,0,0
"412",0,15,3,18,7.216,0,1,1
"413",0,15,3,18,5.8709,0,1,1
"414",0,9,0,9,3.9152,0,1,1
"415",0,9,0,9,3.6133,0,1,1
"416",0,6,0,6,2.5226,1,0,0
"417",0,15,6,21,7.666,0,1,1
"418",0,9,0,9,4.711,0,1,1
"419",0,12,18,30,8.1967,0,0,1
"420",0,11,3,14,6.7669,0,1,1
"421",0,9,0,9,3.988,0,1,1
"422",0,18,12,30,9.0238,0,0,2
"423",0,9,0,9,4.1586,0,1,1
"424",0,9,0,9,4.8549,0,1,1
"425",0,12,18,30,9.4857,0,0,1
"426",0,12,18,30,7.7377,0,0,1
"427",0,15,6,21,5.5321,0,1,1
"428",0,9,0,9,4.5472,0,1,1
"429",0,14,3,17,3.7268,0,1,1
"430",0,9,0,9,3.7999,0,1,1
"431",0,9,0,9,3.9156,0,1,1
"432",0,9,0,9,4.66,0,1,1
"433",0,12,18,30,10.197,0,0,3
"434",0,15,15,30,9.3338,0,0,3
"435",0,9,0,9,5.8354,0,1,1
"436",0,15,15,30,8.7362,0,0,2
"437",0,15,16,31,8.0672,0,0,2
"438",0,17,12,29,11.7407,0,1,2
"439",0,12,9,21,5.8501,0,1,1
"440",0,9,0,9,3.7073,0,1,1
"441",0,9,3,12,3.3836,1,0,1
"442",0,12,18,30,8.8594,0,0,2
"443",0,15,17,32,7.5039,0,0,3
"444",0,13,14,27,7.5489,0,1,3
"445",0,11,3,14,4.5662,0,1,1
"446",0,3,21,24,10.7959,0,1,2
"447",0,9,0,9,4.4507,0,1,1
"448",0,9,0,9,3.964,0,1,1
"449",0,10,13,23,5.7232,0,1,1
"450",0,9,0,9,4.3673,1,0,0
"451",0,6,0,6,2.5704,1,0,0
"452",0,6,3,9,3.2662,1,0,1
"453",0,15,9,24,8.9678,0,1,2
"454",0,13,9,22,7.4606,0,1,2
"455",0,8,3,11,4.5703,1,0,2
"456",0,12,9,21,8.081,0,1,2
"457",0,7,3,10,3.7325,1,0,2
"458",0,12,9,21,5.9326,0,1,2
"459",0,9,0,9,3.6167,1,0,0
"460",0,9,0,9,3.6352,0,1,1
"461",0,9,0,9,3.7919,0,1,1
"462",0,9,0,9,3.79,1,0,0
"463",0,15,6,21,7.0298,0,1,1
"464",0,9,0,9,4.3533,0,1,1
"465",0,18,12,30,12.2968,0,0,1
"466",0,12,6,18,6.0472,1,0,1
"467",0,9,0,9,3.4941,0,1,1
"468",0,9,0,9,4.5848,0,1,1
"469",0,9,0,9,4.3959,0,1,1
"470",0,15,6,21,9.0504,0,1,1
"471",0,15,6,21,7.279,0,1,1
"472",0,12,18,30,8.2598,0,0,1
"473",0,15,3,18,5.4247,1,0,0
"474",0,9,0,9,4.4964,0,1,1
"475",0,9,0,9,3.9283,0,1,1
"476",0,9,0,9,4.3375,1,0,0
"477",0,9,0,9,4.3271,0,1,1
"478",0,15,3,18,7.6376,0,1,1
"479",0,14,3,17,6.214,0,1,1
"480",0,11,3,14,4.3168,0,1,1
"481",0,6,3,9,3.7424,1,0,1
"482",0,9,0,9,3.8136,0,1,1
"483",0,12,3,15,3.4241,0,1,1
"484",0,12,9,21,5.9144,1,0,2
"485",0,9,0,9,4.3185,0,1,1
"486",0,9,0,9,4.8167,0,1,1
"487",0,18,12,30,9.855,0,0,1
"488",0,18,12,30,9.1786,0,0,1
"489",0,12,18,30,7.4181,0,0,2
"490",0,12,18,30,11.3231,0,0,2
"491",0,12,18,30,9.3502,0,0,2
"492",0,12,9,21,8.1653,0,1,2
"493",0,12,9,21,6.6152,0,1,2
"494",0,15,9,24,8.6381,0,1,2
"495",0,12,3,15,3.7941,1,0,1
"496",0,11,6,17,5.841,1,0,2
"497",0,11,3,14,4.0144,0,1,1
"498",0,12,9,21,5.8736,0,1,2
"499",0,9,0,9,4.1581,0,1,1
"500",0,9,0,9,3.6577,0,1,1
"501",0,12,18,30,9.5313,0,0,2
"502",0,3,0,3,0.7324,1,0,0
"503",0,15,9,24,9.4529,0,1,1
"504",0,18,6,24,10.896,0,1,1
"505",0,16,6,22,10.7581,0,1,1
"506",0,12,18,30,9.3669,0,0,3
"507",0,12,18,30,9.0376,0,0,3
"508",0,15,9,24,9.4058,0,1,2
"509",0,3,28,31,9.4763,0,0,2
"510",0,12,18,30,8.4296,0,0,1
"511",0,3,13,16,7.5076,0,1,2
"512",0,9,0,9,4.3309,0,1,1
"513",0,12,9,21,5.1503,0,1,2
"514",0,9,0,9,3.9628,0,1,1
"515",0,9,0,9,3.4967,0,1,1
"516",0,9,0,9,3.9249,0,1,1
"517",0,12,6,18,5.9174,1,0,1
"518",0,12,3,15,4.9611,0,1,1
"519",0,9,0,9,4.0149,0,1,1
"520",0,12,20,32,9.9945,0,0,1
"521",0,10,3,13,3.1732,1,0,2
"522",0,11,21,32,9.0221,0,0,2
"523",0,3,0,3,1.1495,1,0,0
"524",0,9,0,9,4.6536,0,1,1
"525",0,9,0,9,3.8609,1,0,0
"526",0,9,0,9,5.0641,0,1,1
"527",0,15,3,18,7.9737,0,1,1
"528",0,9,3,12,4.0988,0,1,2
"529",0,14,17,31,8.9139,0,0,2
"530",0,20,9,29,10.924,0,1,1
"531",0,9,0,9,4.1383,0,1,1
"532",0,9,0,9,3.8628,0,1,1
"533",0,12,9,21,5.7635,0,1,2
"534",0,9,0,9,4.1581,0,1,1
"535",0,12,18,30,9.8039,0,0,3
"536",0,12,18,30,9.1901,0,0,3
"537",0,15,12,27,9.5333,0,1,2
"538",0,9,0,9,4.5347,0,1,1
"539",0,9,0,9,5.6071,0,1,1
"540",0,12,15,27,7.8688,0,1,3
"541",0,15,3,18,6.641,0,1,2
"542",0,3,15,18,5.5294,0,1,3
"543",0,9,21,30,8.8445,0,0,1
"544",0,10,3,13,5.1517,0,1,2
"545",0,3,0,3,1.1249,1,0,0
"546",0,12,9,21,8.0441,0,1,2
"547",0,12,9,21,6.3745,0,1,2
"548",0,9,0,9,3.8335,0,1,1
"549",0,15,3,18,7.054,0,1,2
"550",0,12,3,15,4.4901,1,0,2
"551",0,15,13,28,7.9117,0,1,1
"552",0,9,0,9,4.151,0,1,1
"553",0,9,0,9,4.3293,0,1,1
"554",0,3,0,3,0.8382,1,0,0
"555",0,12,16,28,8.4357,0,1,2
"556",0,15,3,18,7.5681,0,1,1
"557",0,14,3,17,6.0884,0,1,1
"558",0,11,3,14,4.189,0,1,1
"559",0,9,0,9,3.6589,0,1,1
"560",0,9,0,9,4.3848,0,1,1
"561",0,9,0,9,4.2531,0,1,1
"562",0,9,0,9,3.8398,0,1,1
"563",0,15,6,21,8.2302,0,1,1
"564",0,15,6,21,6.7226,0,1,1
"565",0,9,0,9,3.8672,0,1,1
"566",0,10,3,13,3.5155,0,1,1
"567",0,9,0,9,4.2937,0,1,1
"568",0,9,0,9,4.0862,0,1,1
"569",0,14,6,20,6.7718,0,1,1
"570",0,15,6,21,5.4503,0,1,2
"571",0,9,0,9,4.3949,1,0,0
"572",0,15,6,21,6.3815,0,1,1
"573",0,9,0,9,3.6164,0,1,1
"574",0,12,18,30,6.4573,0,0,2
"575",0,3,0,3,0.8859,1,0,0
"576",0,15,6,21,7.3417,0,1,1
"577",0,9,0,9,4.205,0,1,1
"578",0,9,0,9,4.6607,0,1,1
"579",0,12,18,30,9.3997,0,0,2
"580",0,3,21,24,6.689,0,1,3
"581",0,9,6,15,6.041,0,1,1
"582",0,6,0,6,2.4272,1,0,0
"583",0,21,9,30,8.3509,0,0,1
"584",0,12,3,15,4.1924,1,0,2
"585",0,12,12,24,8.7727,0,1,2
"586",0,9,0,9,4.1426,0,1,1
"587",0,15,15,30,8.1735,0,0,2
"588",0,9,0,9,4.218,0,1,1
"589",0,9,6,15,6.3695,0,1,1
"590",0,10,3,13,3.7928,0,1,1
"591",0,12,3,15,3.1329,1,0,2
"592",0,9,0,9,4.4888,0,1,1
"593",0,9,0,9,4.4911,0,1,1
"594",0,15,14,29,9.701,0,1,3
"595",0,15,3,18,3.9125,0,1,2
"596",0,15,6,21,7.691,0,1,1
"597",0,3,9,12,5.7665,0,1,2
"598",0,12,6,18,5.3295,1,0,1
"599",0,9,0,9,5.0176,0,1,1
"600",0,12,18,30,8.6892,0,0,1
"601",0,12,18,30,6.7775,0,0,1
"602",0,15,6,21,5.4233,0,1,1
"603",0,9,6,15,7.2263,0,1,1
"604",0,6,0,6,2.0308,1,0,0
"605",0,9,0,9,3.9589,0,1,1
"606",0,15,15,30,8.8737,0,0,2
"607",0,18,12,30,9.4066,0,0,2
"608",0,14,6,20,4.7443,0,1,2
"609",0,12,12,24,5.9338,0,1,2
"610",0,9,3,12,5.5473,0,1,1
"611",0,9,0,9,4.2195,0,1,1
"612",0,15,9,24,9.0036,0,1,1
"613",0,9,0,9,3.4869,0,1,1
"614",0,3,21,24,7.3174,0,1,3
"615",0,12,9,21,9.935,0,1,1
"616",0,12,18,30,10.626,0,0,3
"617",0,12,19,31,8.5581,0,0,2
"618",0,12,20,32,7.776,0,0,2
"619",0,17,6,23,7.7978,0,1,1
"620",0,15,6,21,6.9892,0,1,1
"621",0,15,9,24,6.3428,0,1,2
"622",0,15,17,32,8.9496,0,0,3
"623",0,12,18,30,9.4164,0,0,2
"624",0,3,27,30,8.3703,0,0,3
"625",0,12,18,30,6.2127,0,0,2
"626",0,9,0,9,3.6728,0,1,1
"627",0,12,18,30,7.299,0,0,2
"628",0,9,0,9,4.0187,0,1,1
"629",0,18,12,30,13.6542,0,0,1
"630",0,9,0,9,4.057,0,1,1
"631",0,12,9,21,8.1107,0,1,2
"632",0,13,18,31,10.7141,0,0,1
"633",0,11,14,25,7.5297,0,1,1
"634",0,11,16,27,9.0425,1,0,1
"635",0,11,13,24,7.7382,1,0,1
"636",0,9,0,9,3.8373,0,1,1
"637",0,11,6,17,4.9877,1,0,1
"638",0,9,0,9,3.47,0,1,1
"639",0,8,3,11,2.9828,1,0,2
"640",0,12,3,15,5.8983,0,1,1
"641",0,9,3,12,5.1969,0,1,1
"642",0,9,3,12,5.6265,0,1,1
"643",0,6,0,6,2.7777,1,0,0
"644",0,10,3,13,4.3017,1,0,1
"645",0,14,18,32,7.4436,0,0,2
"646",0,9,0,9,3.5249,0,1,1
"647",0,9,0,9,4.0853,0,1,1
"648",0,9,0,9,3.9595,0,1,1
"649",0,12,9,21,7.1112,0,1,2
"650",0,9,23,32,6.8843,0,0,3
"651",0,9,6,15,6.898,0,1,1
"652",0,12,3,15,4.2123,0,1,1
"653",0,18,6,24,9.3581,0,1,1
"654",0,9,0,9,4.3059,0,1,1
"655",0,18,9,27,9.7596,0,1,1
"656",0,7,3,10,3.7451,1,0,1
"657",0,9,0,9,3.7039,0,1,1
"658",0,16,6,22,7.7206,0,1,1
"659",0,9,0,9,4.3663,0,1,1
"660",0,18,9,27,7.9698,0,1,1
"661",0,6,0,6,2.3918,1,0,0
"662",0,9,0,9,3.7974,0,1,1
"663",0,15,3,18,5.9097,0,1,2
"664",0,3,0,3,1.0923,1,0,0
"665",0,9,0,9,3.4969,0,1,1
"666",0,6,0,6,2.8639,1,0,0
"667",0,15,17,32,12.4003,0,0,2
"668",0,15,9,24,7.4948,0,1,2
"669",0,13,18,31,8.6337,0,0,2
"670",0,9,0,9,5.4741,0,1,1
"671",0,15,6,21,6.701,0,1,1
"672",0,3,27,30,7.7456,0,0,1
"673",0,9,0,9,4.4787,0,1,1
"674",0,9,0,9,5.2581,0,1,1
"675",0,12,9,21,5.1947,0,1,2
"676",0,9,0,9,4.5676,0,1,1
"677",0,18,12,30,9.0966,0,0,2
"678",0,9,0,9,3.5679,0,1,1
"679",0,12,3,15,5.7187,1,0,1
"680",0,15,9,24,6.7418,0,1,2
"681",0,9,0,9,3.6146,0,1,1
"682",0,12,9,21,5.2926,0,1,2
"683",0,9,0,9,3.8853,1,0,0
"684",0,9,0,9,4.299,0,1,1
"685",0,12,6,18,5.1778,1,0,2
"686",0,12,18,30,7.4982,0,0,2
"687",0,15,6,21,5.2206,0,1,2
"688",0,15,6,21,6.4012,0,1,1
"689",0,3,9,12,5.1484,0,1,2
"690",0,9,0,9,3.998,0,1,1
"691",0,3,0,3,0.8839,1,0,0
"692",0,13,3,16,6.1886,0,1,1
"693",0,10,3,13,4.7892,0,1,1
"694",0,9,3,12,5.2638,0,1,1
"695",0,12,3,15,4.7697,1,0,1
"696",0,9,0,9,4.8737,0,1,1
"697",0,3,28,31,10.3197,0,0,2
"698",0,14,18,32,8.4514,0,0,1
"699",0,15,6,21,8.0246,0,1,1
"700",0,3,17,20,8.3622,0,1,2
"701",0,15,6,21,6.7255,0,1,1
"702",0,12,18,30,9.9726,0,0,3
"703",0,12,18,30,7.87,0,0,3
"704",0,15,9,24,10.7253,0,1,1
"705",0,3,9,12,6.3859,0,1,2
"706",0,15,9,24,7.5728,0,1,1
"707",0,18,14,32,9.0129,0,0,2
"708",0,15,3,18,4.4849,0,1,1
"709",0,9,0,9,4.9398,0,1,1
"710",0,3,0,3,0.4296,1,0,0
"711",0,6,0,6,2.1405,1,0,0
"712",0,12,18,30,7.2001,0,0,2
"713",0,9,0,9,3.7693,0,1,1
"714",0,17,6,23,7.6293,0,1,1
"715",0,9,3,12,3.6152,0,1,1
"716",0,6,0,6,2.8016,1,0,0
"717",0,15,16,31,11.1952,0,0,2
"718",0,14,18,32,10.9409,0,0,2
"719",0,15,16,31,9.2614,0,0,2
"720",0,15,3,18,4.7297,0,1,2
"721",0,3,15,18,6.8015,0,1,2
"722",0,15,15,30,9.8838,0,0,3
"723",0,15,15,30,8.46,0,0,3
"724",0,12,3,15,6.3432,1,0,2
"725",0,3,12,15,6.5887,0,1,2
"726",0,12,12,24,7.0049,0,1,2
"727",0,9,0,9,3.2719,0,1,1
"728",0,3,0,3,0.8664,1,0,0
"729",0,12,20,32,10.8181,0,0,4
"730",0,15,17,32,12.8427,0,0,2
"731",0,15,17,32,11.684,0,0,3
"732",0,15,17,32,10.2351,0,0,3
"733",0,12,3,15,4.3311,1,0,2
"734",0,12,9,21,7.129,0,1,2
"735",0,12,20,32,9.0268,0,0,2
"736",0,18,12,30,12.4524,0,0,1
"737",0,18,12,30,10.8054,0,0,1
"738",0,21,9,30,9.3987,0,0,1
"739",0,21,9,30,8.454,0,0,1
"740",0,9,0,9,4.6183,0,1,1
"741",0,12,6,18,5.6909,1,0,1
"742",0,10,6,16,4.8576,1,0,1
"743",0,9,0,9,3.4603,0,1,1
"744",0,9,0,9,3.7717,0,1,1
"745",0,6,0,6,2.4283,1,0,0
"746",0,9,0,9,4.0754,1,0,0
"747",0,9,0,9,3.7271,0,1,1
"748",0,15,3,18,6.6915,0,1,1
"749",0,9,0,9,3.8443,0,1,1
"750",0,12,9,21,7.1668,1,0,1
"751",0,12,18,30,7.1542,0,0,2
"752",0,15,17,32,10.1409,0,0,1
"753",0,15,17,32,8.9272,0,0,2
"754",0,9,0,9,4.8895,0,1,1
"755",0,18,9,27,10.4848,0,1,1
"756",0,9,0,9,3.6267,0,1,1
"757",0,9,0,9,3.6402,1,0,0
"758",0,9,3,12,5.3072,0,1,1
"759",0,14,3,17,6.5169,0,1,1
"760",0,11,3,14,5.711,0,1,1
"761",0,9,0,9,5.4623,0,1,1
"762",0,9,0,9,4.8954,0,1,1
"763",0,9,0,9,4.0598,0,1,1
"764",0,9,0,9,4.0053,0,1,1
"765",0,15,3,18,5.4718,0,1,1
"766",0,9,0,9,3.7175,0,1,1
"767",0,9,0,9,4.1095,0,1,1
"768",0,12,3,15,5.6576,0,1,1
"769",0,18,12,30,11.4523,0,0,2
"770",0,9,0,9,4.9552,0,1,1
"771",0,9,0,9,4.0534,0,1,1
"772",0,16,9,25,8.0523,0,1,2
"773",0,12,18,30,7.3782,0,0,1
"774",0,9,22,31,6.8633,0,0,1
"775",0,10,3,13,4.3279,0,1,1
"776",0,10,3,13,5.2649,0,1,1
"777",0,9,3,12,3.6486,0,1,1
"778",0,15,9,24,8.3997,0,1,1
"779",0,15,9,24,7.5584,0,1,1
"780",0,3,9,12,6.0523,0,1,2
"781",0,9,0,9,4.8048,0,1,1
"782",0,9,0,9,4.4761,0,1,1
"783",0,16,6,22,7.2776,0,1,1
"784",0,15,9,24,9.2917,0,1,1
"785",0,12,18,30,7.0412,0,0,2
"786",0,18,9,27,9.7982,0,1,2
"787",0,15,6,21,6.4534,0,1,1
"788",0,12,3,15,3.4807,1,0,2
"789",0,12,19,31,7.993,0,0,3
"790",0,3,0,3,0.8992,1,0,0
"791",0,18,9,27,10.811,0,1,1
"792",0,18,9,27,10.4202,0,1,1
"793",0,15,9,24,10.0381,0,1,2
"794",0,12,18,30,9.9678,0,0,3
"795",0,12,9,21,8.5808,0,1,2
"796",0,12,9,21,6.8793,0,1,2
"797",0,9,0,9,4.1618,0,1,1
"798",0,15,6,21,7.1988,0,1,1
"799",0,12,18,30,5.7596,0,0,2
"800",0,9,0,9,4.3059,0,1,1
"801",0,18,9,27,8.2511,0,1,1
"802",0,9,0,9,3.732,0,1,1
"803",0,9,0,9,3.9429,0,1,1
"804",0,9,0,9,4.8579,0,1,1
"805",0,15,3,18,6.2253,0,1,1
"806",0,14,3,17,4.7222,0,1,1
"807",0,6,0,6,2.4249,1,0,0
"808",0,9,0,9,3.5536,0,1,1
"809",0,9,0,9,4.3865,0,1,1
"810",0,9,0,9,4.471,0,1,1
"811",0,9,0,9,4.1453,0,1,1
"812",0,12,3,15,4.3805,0,1,1
"813",0,12,9,21,9.6021,0,1,2
"814",0,3,9,12,5.7018,0,1,2
"815",0,3,9,12,5.1928,0,1,2
"816",0,9,0,9,3.736,0,1,1
"817",0,11,3,14,4.8479,0,1,1
"818",0,9,0,9,3.7366,0,1,1
"819",0,9,0,9,3.4414,0,1,1
"820",0,9,0,9,3.6793,0,1,1
"821",0,9,0,9,4.3147,0,1,1
"822",0,15,17,32,8.0471,0,0,3
"823",0,14,3,17,5.1297,0,1,2
"824",0,11,3,14,3.8148,0,1,2
"825",0,12,18,30,9.0102,0,0,2
"826",0,12,3,15,4.7368,1,0,2
"827",0,3,21,24,9.57,0,1,2
"828",0,12,18,30,11.3959,0,0,2
"829",0,18,6,24,11.5251,0,1,1
"830",0,12,18,30,6.0348,0,0,3
"831",0,12,9,21,7.4815,0,1,2
"832",0,18,12,30,11.0217,0,0,1
"833",0,18,13,31,8.4997,0,0,1
"834",0,15,9,24,6.9876,0,1,1
"835",0,15,6,21,6.0561,0,1,1
"836",0,18,9,27,8.1273,0,1,1
"837",0,9,0,9,3.8258,1,0,0
"838",0,6,0,6,2.4079,1,0,0
"839",0,15,3,18,6.8741,0,1,2
"840",0,14,3,17,5.0574,0,1,2
"841",0,15,3,18,5.3856,0,1,1
"842",0,9,0,9,3.6919,0,1,1
"843",0,13,3,16,4.7147,0,1,1
"844",0,9,0,9,3.686,0,1,1
"845",0,9,0,9,4.1478,0,1,1
"846",0,3,0,3,0.6226,1,0,0
"847",0,9,0,9,4.0417,0,1,1
"848",0,18,6,24,9.5096,0,1,1
"849",0,15,17,32,8.3301,0,0,2
"850",0,9,0,9,3.4599,0,1,1
"851",0,9,0,9,3.1995,0,1,1
"852",0,15,6,21,4.8873,0,1,1
"853",0,9,0,9,4.4962,0,1,1
"854",0,15,6,21,8.4466,0,1,1
"855",0,15,6,21,6.9316,0,1,1
"856",0,15,6,21,5.1025,0,1,1
"857",0,8,9,17,5.1552,0,1,1
"858",0,9,0,9,3.8436,0,1,1
"859",0,9,0,9,3.7022,0,1,1
"860",0,9,0,9,5.3402,0,1,1
"861",0,9,0,9,5.1108,0,1,1
"862",0,9,6,15,4.3532,1,0,2
"863",0,12,18,30,8.3955,0,0,2
"864",0,12,18,30,7.2713,0,0,2
"865",0,9,0,9,3.7874,0,1,1
"866",0,9,0,9,3.3568,0,1,1
"867",0,14,9,23,7.9763,0,1,1
"868",0,6,0,6,2.3233,1,0,0
"869",0,9,0,9,3.9676,0,1,1
"870",0,9,0,9,3.9352,0,1,1
"871",0,9,0,9,3.6003,0,1,1
"872",0,9,0,9,3.9579,0,1,1
"873",0,17,9,26,9.524,0,1,1
"874",0,9,3,12,4.7977,1,0,0
"875",0,15,6,21,6.567,0,1,1
"876",0,15,3,18,7.6451,0,1,1
"877",0,15,3,18,5.8436,0,1,1
"878",0,3,0,3,1.3201,1,0,0
"879",0,9,0,9,3.558,0,1,1
"880",0,9,0,9,3.9382,1,0,0
"881",0,9,0,9,3.8326,0,1,1
"882",0,9,0,9,4.9438,0,1,1
"883",0,15,9,24,8.3343,0,1,2
"884",0,11,21,32,7.2828,0,0,3
"885",0,9,0,9,4.157,0,1,1
"886",0,18,12,30,9.893,0,0,1
"887",0,9,3,12,4.7089,1,0,0
"888",0,6,0,6,2.0176,1,0,0
"889",0,9,0,9,4.6659,0,1,1
"890",0,9,0,9,4.7783,0,1,1
"891",0,18,9,27,9.8675,0,1,1
"892",0,15,6,21,6.8083,0,1,1
"893",0,10,3,13,5.2568,0,1,1
"894",0,10,3,13,5.6057,0,1,1
"895",0,3,28,31,9.7609,0,0,2
"896",0,9,0,9,3.949,0,1,1
"897",0,13,3,16,5.2337,0,1,2
"898",0,10,3,13,4.1802,0,1,2
"899",0,9,0,9,4.1173,1,0,0
"900",0,9,0,9,4.3049,1,0,0
"901",0,9,0,9,4.0814,0,1,1
"902",0,6,3,9,3.5281,1,0,1
"903",0,12,3,15,3.7435,0,1,1
"904",0,9,0,9,3.9708,0,1,1
"905",0,9,0,9,3.2544,1,0,0
"906",0,9,0,9,3.242,0,1,1
"907",0,18,12,30,11.4993,0,0,2
"908",0,15,12,27,11.1652,0,1,2
"909",0,15,17,32,11.0015,0,0,1
"910",0,15,17,32,9.5718,0,0,1
"911",0,13,17,30,7.5838,0,0,1
"912",0,11,3,14,6.0694,1,0,1
"913",0,15,6,21,7.5368,0,1,1
"914",0,18,9,27,8.4955,0,1,1
"915",0,15,17,32,11.2348,0,0,2
"916",0,9,0,9,3.7393,1,0,0
"917",0,9,0,9,4.0817,0,1,1
"918",0,3,0,3,1.0808,1,0,0
"919",0,9,0,9,4.2088,0,1,1
"920",0,9,0,9,3.7835,0,1,1
"921",0,9,0,9,4.1391,0,1,1
"922",0,15,6,21,4.7646,0,1,2
"923",0,12,18,30,7.3498,0,0,2
"924",0,3,18,21,6.1916,0,1,2
"925",0,12,18,30,9.6849,0,0,2
"926",0,12,9,21,5.2206,0,1,2
"927",0,15,9,24,7.956,0,1,1
"928",0,9,0,9,3.7834,0,1,1
"929",0,9,0,9,3.2824,0,1,1
"930",0,15,3,18,6.643,0,1,1
"931",0,9,0,9,4.3169,0,1,1
"932",0,9,0,9,4.3287,0,1,1
"933",0,15,6,21,5.6693,0,1,2
"934",0,9,0,9,3.6112,1,0,0
"935",0,11,3,14,5.5212,0,1,1
"936",0,9,0,9,4.3108,0,1,1
"937",0,9,0,9,3.6048,0,1,1
"938",0,19,12,31,15.1188,0,0,1
"939",0,18,12,30,13.8823,0,0,1
"940",0,18,12,30,12.528,0,0,1
"941",0,12,3,15,4.7768,1,0,1
"942",0,12,3,15,3.6808,1,0,2
"943",0,12,3,15,3.9843,0,1,1
"944",0,15,9,24,8.6129,0,1,2
"945",0,12,18,30,7.7609,0,0,2
"946",0,12,18,30,8.1195,0,0,2
"947",0,12,18,30,6.6239,0,0,2
"948",0,12,9,21,5.7221,0,1,2
"949",0,12,9,21,6.9291,0,1,2
"950",0,11,21,32,9.2068,0,0,1
"951",0,15,6,21,7.2055,0,1,1
"952",0,12,6,18,5.8689,0,1,1
"953",0,12,3,15,3.9729,0,1,1
"954",0,12,18,30,10.485,0,0,2
"955",0,12,18,30,9.166,0,0,2
"956",0,18,12,30,10.93,0,0,1
"957",0,15,15,30,7.8837,0,0,1
"958",0,15,6,21,6.8534,0,1,1
"959",0,12,19,31,11.1214,0,0,2
"960",0,9,0,9,3.6745,0,1,1
"961",0,18,12,30,11.4806,0,0,1
"962",0,9,0,9,4.1802,0,1,1
"963",0,18,12,30,9.8704,0,0,2
"964",0,9,0,9,3.7269,0,1,1
"965",0,15,6,21,6.5776,0,1,1
"966",0,9,0,9,3.6764,1,0,0
"967",0,11,3,14,5.0191,0,1,1
"968",0,9,0,9,3.9931,0,1,1
"969",0,14,3,17,4.686,0,1,2
"970",0,3,0,3,0.9874,1,0,0
"971",0,17,6,23,6.4968,0,1,1
"972",0,9,0,9,3.7829,0,1,1
"973",0,9,0,9,3.824,0,1,1
"974",0,9,0,9,3.7617,0,1,1
"975",0,3,0,3,0.8026,1,0,0
"976",0,9,0,9,4.3313,0,1,1
"977",0,9,0,9,3.39,1,0,0
"978",0,15,6,21,6.2568,0,1,1
"979",0,9,0,9,3.4301,0,1,1
"980",0,9,0,9,3.3891,1,0,0
"981",0,15,9,24,8.6364,0,1,1
"982",0,9,0,9,4.5059,0,1,1
"983",0,15,3,18,6.914,0,1,1
"984",0,13,9,22,7.0904,0,1,2
"985",0,14,16,30,9.1887,0,0,2
"986",0,3,15,18,4.9784,0,1,3
"987",0,15,3,18,5.7124,0,1,1
"988",0,12,3,15,4.5889,0,1,1
"989",0,6,0,6,2.1671,1,0,0
"990",0,6,0,6,3.0203,1,0,0
"991",0,3,9,12,5.0793,0,1,2
"992",0,3,0,3,0.6863,1,0,0
"993",0,3,0,3,0.3979,1,0,0
"994",0,9,0,9,3.5079,0,1,1
"995",0,9,0,9,4.0723,0,1,1
"996",0,14,6,20,8.0025,0,1,1
"997",0,9,0,9,4.6505,0,1,1
"998",0,9,0,9,4.3681,0,1,1
"999",0,9,0,9,4.3202,0,1,1
"1000",0,11,3,14,5.2866,1,0,2
