"","N_under_dosing","N_MTD","N_over_dosing","Pts","Length","Safety_stop","Sufficient_info","MTD"
"1",15,5,11,31,10.8346,0,0,4
"2",13,5,14,32,9.586,0,0,4
"3",6,8,18,32,10.3392,0,0,5
"4",12,14,6,32,8.7863,0,0,4
"5",11,6,15,32,7.3865,0,0,5
"6",15,12,3,30,8.4038,0,0,4
"7",18,12,0,30,12.7312,0,0,3
"8",22,9,0,31,10.7077,0,0,3
"9",13,13,6,32,13.4124,0,0,3
"10",12,6,0,18,7.9659,0,1,2
"11",26,3,0,29,9.2111,0,1,2
"12",23,9,0,32,10.8249,0,0,3
"13",24,6,0,30,10.1381,0,0,3
"14",15,11,6,32,9.1145,0,0,4
"15",15,9,0,24,9.3492,0,1,3
"16",26,6,0,32,11.6828,0,0,2
"17",26,6,0,32,9.5623,0,0,3
"18",6,9,0,15,7.5203,0,1,3
"19",18,12,0,30,9.6697,0,0,3
"20",24,6,0,30,6.5459,0,0,3
"21",15,9,0,24,11.1924,0,1,3
"22",24,6,0,30,9.3412,0,0,3
"23",9,0,0,9,4.3645,0,1,1
"24",15,12,3,30,11.8317,0,0,4
"25",25,4,3,32,9.5475,0,0,4
"26",15,11,6,32,9.7756,0,0,4
"27",21,8,3,32,8.304,0,0,4
"28",9,10,13,32,9.6548,0,0,4
"29",12,3,0,15,5.8639,0,1,2
"30",30,0,0,30,9.8243,0,0,1
"31",18,12,0,30,10.4663,0,0,2
"32",24,6,0,30,11.1362,0,0,2
"33",24,6,0,30,9.3986,0,0,3
"34",19,0,0,19,6.954,0,1,1
"35",22,0,0,22,10.3573,0,1,1
"36",9,0,0,9,3.9088,0,1,1
"37",9,0,0,9,5.9601,0,1,1
"38",21,0,0,21,9.4909,0,1,2
"39",25,4,3,32,10.2451,0,0,3
"40",27,3,0,30,7.2139,0,0,3
"41",22,7,3,32,6.3581,0,0,4
"42",15,3,0,18,5.7305,0,1,2
"43",17,12,3,32,11.0841,0,0,3
"44",15,12,3,30,10.4942,0,0,3
"45",20,8,3,31,7.4612,0,0,4
"46",18,10,3,31,10.695,0,0,3
"47",15,11,3,29,9.0673,0,1,4
"48",15,11,3,29,7.5787,0,1,4
"49",19,10,3,32,7.3595,0,0,3
"50",6,15,9,30,12.7544,0,0,3
"51",15,11,6,32,8.2783,0,0,4
"52",9,0,0,9,3.8116,0,1,1
"53",15,9,0,24,8.7728,0,1,3
"54",24,6,0,30,6.8969,0,0,3
"55",15,12,3,30,8.9459,0,0,3
"56",23,9,0,32,12.1695,0,0,3
"57",20,9,0,29,11.8618,0,1,3
"58",26,6,0,32,8.9128,0,0,3
"59",6,9,0,15,6.8045,0,1,3
"60",15,11,6,32,10.7927,0,0,4
"61",15,11,6,32,9.3621,0,0,4
"62",15,9,0,24,8.8237,0,1,3
"63",18,12,0,30,9.4856,0,0,3
"64",18,6,0,24,8.3524,0,1,2
"65",21,9,0,30,13.059,0,0,3
"66",6,9,0,15,6.3724,0,1,3
"67",24,6,0,30,11.5301,0,0,2
"68",24,6,0,30,9.7974,0,0,3
"69",14,12,6,32,7.8322,0,0,3
"70",15,9,0,24,7.1259,0,1,3
"71",24,6,0,30,7.0943,0,0,3
"72",6,13,3,22,6.8288,0,1,3
"73",18,12,0,30,11.3911,0,0,3
"74",18,12,0,30,10.275,0,0,3
"75",15,12,3,30,10.5174,0,0,4
"76",23,9,0,32,9.6487,0,0,2
"77",9,15,6,30,9.298,0,0,3
"78",6,18,6,30,8.755,0,0,3
"79",21,9,0,30,9.426,0,0,3
"80",21,0,0,21,8.1841,0,1,2
"81",27,3,0,30,9.0594,0,0,3
"82",12,3,0,15,6.7781,0,1,2
"83",30,0,0,30,11.8682,0,0,2
"84",24,6,0,30,6.1726,0,0,3
"85",21,9,0,30,10.2074,0,0,2
"86",21,9,0,30,9.457,0,0,2
"87",21,0,0,21,9.3223,0,1,2
"88",24,6,0,30,6.512,0,0,3
"89",24,6,0,30,8.7725,0,0,2
"90",21,9,0,30,11.1585,0,0,2
"91",24,6,0,30,6.8055,0,0,3
"92",12,0,0,12,5.1181,0,1,2
"93",18,3,0,21,7.3663,0,1,2
"94",26,6,0,32,9.1487,0,0,2
"95",20,12,0,32,10.1182,0,0,3
"96",15,9,0,24,7.2511,0,1,3
"97",15,12,3,30,8.033,0,0,4
"98",23,9,0,32,9.457,0,0,2
"99",15,0,0,15,7.1951,0,1,2
"100",24,0,0,24,7.0164,0,1,2
"101",22,9,0,31,11.1792,0,0,2
"102",21,9,0,30,9.7063,0,0,3
"103",15,9,0,24,7.794,0,1,3
"104",14,12,6,32,7.5808,0,0,4
"105",6,16,9,31,10.6134,0,0,3
"106",15,12,3,30,8.7609,0,0,4
"107",16,9,0,25,8.6315,0,1,3
"108",24,6,0,30,9.1467,0,0,3
"109",13,12,6,31,8.5762,0,0,4
"110",6,12,14,32,10.8065,0,0,4
"111",18,11,3,32,9.8351,0,0,3
"112",18,6,0,24,12.5289,0,1,2
"113",26,6,0,32,10.4554,0,0,2
"114",25,6,0,31,8.7563,0,0,3
"115",14,12,6,32,8.9475,0,0,4
"116",24,6,0,30,8.4594,0,0,3
"117",6,9,0,15,7.1891,0,1,3
"118",15,9,0,24,7.1792,0,1,3
"119",15,9,0,24,7.4038,0,1,3
"120",14,12,6,32,10.1929,0,0,4
"121",15,8,9,32,9.1797,0,0,4
"122",17,10,3,30,9.6339,0,0,3
"123",24,6,0,30,9.7577,0,0,2
"124",19,9,3,31,10.8602,0,0,2
"125",21,3,0,24,8.2116,0,1,1
"126",14,12,6,32,7.8574,0,0,3
"127",25,6,0,31,6.7722,0,0,3
"128",24,6,0,30,8.1623,0,0,2
"129",18,9,0,27,8.0634,0,1,3
"130",24,5,3,32,8.3483,0,0,4
"131",15,11,6,32,10.3032,0,0,4
"132",13,11,6,30,9.1224,0,0,4
"133",14,12,6,32,8.6024,0,0,4
"134",14,12,6,32,7.5032,0,0,4
"135",15,11,6,32,10.7825,0,0,4
"136",15,11,6,32,8.6562,0,0,3
"137",15,9,0,24,9.6067,0,1,3
"138",15,9,0,24,9.6772,0,1,3
"139",21,9,0,30,11.4443,0,0,2
"140",21,9,0,30,9.3933,0,0,3
"141",15,12,3,30,7.8289,0,0,3
"142",14,15,3,32,6.9723,0,0,3
"143",24,6,0,30,5.9007,0,0,3
"144",20,6,0,26,9.1038,0,1,2
"145",21,8,3,32,12.4996,0,0,3
"146",24,6,0,30,7.8068,0,0,3
"147",24,5,3,32,9.9531,0,0,3
"148",18,3,0,21,8.6178,0,1,3
"149",28,3,0,31,10.5464,0,0,2
"150",21,9,0,30,11.1774,0,0,2
"151",26,6,0,32,8.1912,0,0,3
"152",21,9,0,30,11.8255,0,0,3
"153",12,0,0,12,5.9248,0,1,2
"154",24,6,0,30,7.9059,0,0,3
"155",15,9,0,24,6.8178,0,1,3
"156",15,9,0,24,7.259,0,1,3
"157",24,6,0,30,7.425,0,0,3
"158",21,9,0,30,13.0059,0,0,2
"159",21,9,0,30,11.2043,0,0,3
"160",21,0,0,21,8.712,0,1,2
"161",19,9,0,28,7.8554,0,1,3
"162",14,3,0,17,7.4342,0,1,2
"163",20,9,3,32,10.6184,0,0,4
"164",25,4,3,32,10.1274,0,0,4
"165",6,12,13,31,10.5586,0,0,5
"166",15,14,3,32,8.3151,0,0,4
"167",15,9,0,24,11.0912,0,1,3
"168",24,6,0,30,6.4121,0,0,3
"169",23,9,0,32,7.5574,0,0,3
"170",15,9,0,24,9.0424,0,1,3
"171",15,12,3,30,7.6616,0,0,3
"172",25,3,0,28,9.1845,0,1,2
"173",25,3,0,28,7.5763,0,1,2
"174",15,3,0,18,4.5233,0,1,2
"175",15,12,3,30,7.048,0,0,4
"176",21,9,0,30,10.9127,0,0,2
"177",26,6,0,32,7.2814,0,0,2
"178",14,12,6,32,7.4957,0,0,4
"179",22,9,0,31,10.6423,0,0,3
"180",15,11,6,32,10.7842,0,0,3
"181",15,11,6,32,9.4117,0,0,3
"182",21,9,0,30,11.4222,0,0,3
"183",21,9,0,30,11.0745,0,0,3
"184",24,6,0,30,9.5318,0,0,3
"185",15,12,3,30,10.1052,0,0,3
"186",24,6,0,30,7.7856,0,0,3
"187",24,6,0,30,6.7367,0,0,3
"188",27,3,0,30,6.1898,0,0,3
"189",30,0,0,30,11.856,0,0,2
"190",23,6,3,32,7.495,0,0,3
"191",12,0,0,12,6.1461,0,1,2
"192",15,10,7,32,8.7665,0,0,5
"193",13,10,9,32,7.6377,0,0,5
"194",13,10,8,31,8.5943,0,0,5
"195",13,9,10,32,8.8816,0,0,5
"196",12,11,9,32,8.5135,0,0,4
"197",20,9,3,32,7.7013,0,0,3
"198",21,9,0,30,10.9302,0,0,3
"199",15,10,6,31,7.7561,0,0,3
"200",15,9,0,24,7.1118,0,1,3
"201",18,9,3,30,11.1457,0,0,4
"202",26,6,0,32,7.7648,0,0,3
"203",15,12,3,30,7.8393,0,0,4
"204",13,12,6,31,10.0555,0,0,3
"205",11,12,9,32,9.073,0,0,4
"206",15,12,3,30,10.9784,0,0,4
"207",13,8,10,31,8.5891,0,0,5
"208",21,8,3,32,7.9738,0,0,4
"209",11,8,11,30,8.0275,0,0,4
"210",15,11,3,29,7.5742,0,1,3
"211",15,11,6,32,8.8124,0,0,4
"212",15,11,6,32,8.382,0,0,5
"213",27,3,0,30,10.3009,0,0,3
"214",24,6,0,30,9.4878,0,0,3
"215",17,12,3,32,6.8519,0,0,3
"216",18,9,3,30,10.4011,0,0,4
"217",24,6,0,30,8.3952,0,0,3
"218",14,12,6,32,8.9182,0,0,4
"219",15,9,8,32,10.561,0,0,4
"220",6,12,14,32,8.8775,0,0,4
"221",15,12,3,30,7.8627,0,0,4
"222",18,9,0,27,10.703,0,1,3
"223",18,6,0,24,6.8139,0,1,2
"224",24,6,0,30,7.6418,0,0,3
"225",15,5,12,32,9.4433,0,0,5
"226",17,9,6,32,8.3073,0,0,4
"227",14,10,6,30,7.7321,0,0,4
"228",21,0,0,21,7.7587,0,1,2
"229",24,6,0,30,10.6835,0,0,3
"230",18,9,0,27,11.475,0,1,2
"231",18,6,0,24,9.9686,0,1,2
"232",18,6,0,24,8.2567,0,1,2
"233",13,0,0,13,4.9178,0,1,2
"234",21,0,0,21,6.5347,0,1,1
"235",18,8,6,32,11.7096,0,0,4
"236",15,11,6,32,10.8432,0,0,4
"237",15,11,6,32,8.9492,0,0,4
"238",12,0,0,12,5.4963,0,1,2
"239",15,13,3,31,10.7909,0,0,3
"240",6,15,6,27,9.3123,0,1,3
"241",15,12,3,30,10.6576,0,0,4
"242",15,12,3,30,9.313,0,0,4
"243",24,5,3,32,9.0482,0,0,4
"244",21,9,0,30,8.9283,0,0,2
"245",19,9,3,31,6.729,0,0,4
"246",18,6,0,24,7.9849,0,1,2
"247",21,0,0,21,5.5686,0,1,2
"248",15,12,0,27,11.8389,0,1,3
"249",9,0,0,9,4.0652,0,1,1
"250",24,6,0,30,8.3498,0,0,3
"251",24,6,0,30,11.5066,0,0,2
"252",24,6,0,30,9.8322,0,0,2
"253",21,9,0,30,12.7151,0,0,2
"254",12,0,0,12,6.1609,0,1,2
"255",21,6,0,27,10.2733,0,1,2
"256",26,6,0,32,7.3054,0,0,2
"257",18,11,3,32,12.3282,0,0,4
"258",26,6,0,32,8.9229,0,0,2
"259",15,12,3,30,9.2165,0,0,4
"260",21,8,3,32,9.8996,0,0,3
"261",10,9,13,32,8.9786,0,0,4
"262",13,12,6,31,8.6409,0,0,4
"263",23,9,0,32,7.3802,0,0,3
"264",24,6,0,30,7.2324,0,0,3
"265",20,9,0,29,9.6968,0,1,3
"266",17,9,0,26,8.5371,0,1,3
"267",15,11,6,32,8.8503,0,0,4
"268",14,10,6,30,8.059,0,0,4
"269",23,9,0,32,7.4051,0,0,2
"270",25,6,0,31,11.8659,0,0,3
"271",25,6,0,31,9.1854,0,0,3
"272",25,6,0,31,7.9054,0,0,3
"273",15,9,0,24,7.8288,0,1,3
"274",15,9,0,24,8.7688,0,1,3
"275",24,6,0,30,7.1367,0,0,3
"276",24,6,0,30,7.1475,0,0,3
"277",18,9,0,27,7.6906,0,1,3
"278",15,12,3,30,12.5998,0,0,4
"279",15,12,3,30,10.5981,0,0,4
"280",24,6,0,30,5.9926,0,0,3
"281",15,11,3,29,9.591,0,1,4
"282",15,11,3,29,9.0479,0,1,4
"283",14,15,3,32,9.56,0,0,3
"284",15,12,3,30,9.8343,0,0,4
"285",14,12,6,32,10.2617,0,0,4
"286",21,6,0,27,9.7136,0,1,2
"287",18,6,0,24,8.1744,0,1,2
"288",18,3,0,21,7.1644,0,1,2
"289",24,3,0,27,5.8872,0,1,2
"290",18,6,0,24,7.5531,0,1,2
"291",18,9,0,27,8.621,0,1,3
"292",24,6,0,30,8.209,0,0,3
"293",18,9,0,27,9.1175,0,1,3
"294",24,5,3,32,12.0681,0,0,4
"295",24,6,0,30,6.7379,0,0,3
"296",18,9,3,30,9.175,0,0,4
"297",18,9,3,30,7.9949,0,0,4
"298",18,9,3,30,6.3284,0,0,4
"299",15,3,0,18,5.769,0,1,3
"300",15,13,3,31,7.8264,0,0,4
"301",23,9,0,32,11.3699,0,0,3
"302",21,9,0,30,11.6751,0,0,3
"303",21,9,0,30,11.5844,0,0,3
"304",18,9,0,27,10.6693,0,1,3
"305",18,9,0,27,8.4225,0,1,3
"306",6,15,6,27,10.6064,0,1,3
"307",18,6,0,24,8.8618,0,1,2
"308",24,5,3,32,11.1935,0,0,4
"309",27,3,0,30,6.7486,0,0,2
"310",17,3,0,20,6.5969,0,1,2
"311",14,12,6,32,7.2498,0,0,4
"312",15,9,0,24,8.0786,0,1,3
"313",21,9,0,30,11.8366,0,0,3
"314",30,0,0,30,11.2308,0,0,2
"315",27,0,0,27,7.9672,0,1,2
"316",24,6,0,30,7.6079,0,0,2
"317",18,10,3,31,9.2745,0,0,4
"318",22,7,3,32,7.9038,0,0,4
"319",13,7,12,32,8.0627,0,0,3
"320",21,9,0,30,11.7599,0,0,3
"321",24,6,0,30,10.4973,0,0,2
"322",24,6,0,30,8.8043,0,0,2
"323",18,12,0,30,9.8909,0,0,3
"324",18,6,0,24,8.6511,0,1,2
"325",30,0,0,30,10.6432,0,0,2
"326",30,0,0,30,9.1038,0,0,2
"327",15,11,6,32,10.5035,0,0,4
"328",24,6,0,30,6.8068,0,0,3
"329",15,12,3,30,9.3514,0,0,3
"330",26,6,0,32,8.8143,0,0,2
"331",21,9,0,30,11.2156,0,0,3
"332",15,9,0,24,10.4463,0,1,3
"333",20,0,0,20,7.1726,0,1,2
"334",21,0,0,21,5.3656,0,1,2
"335",17,12,3,32,7.8581,0,0,3
"336",15,12,3,30,8.8206,0,0,4
"337",15,10,7,32,7.2228,0,0,5
"338",13,3,0,16,5.4264,0,1,2
"339",15,6,10,31,8.9435,0,0,4
"340",22,6,3,31,6.1102,0,0,4
"341",19,10,3,32,7.62,0,0,3
"342",15,10,6,31,8.4067,0,0,4
"343",15,10,6,31,7.354,0,0,4
"344",17,12,3,32,9.2257,0,0,3
"345",15,12,3,30,7.9279,0,0,3
"346",16,12,3,31,6.7051,0,0,4
"347",22,7,3,32,5.9817,0,0,4
"348",15,12,3,30,10.4927,0,0,4
"349",15,12,3,30,8.8115,0,0,4
"350",15,11,6,32,8.2684,0,0,5
"351",27,3,0,30,8.6457,0,0,3
"352",15,11,6,32,13.1583,0,0,3
"353",15,11,6,32,11.0307,0,0,3
"354",13,8,9,30,8.9433,0,0,5
"355",13,13,6,32,8.6646,0,0,4
"356",21,9,0,30,10.4223,0,0,3
"357",18,9,0,27,10.0207,0,1,3
"358",21,9,0,30,10.2078,0,0,2
"359",24,6,0,30,5.2708,0,0,2
"360",18,11,3,32,10.2915,0,0,4
"361",6,9,17,32,10.4377,0,0,4
"362",23,9,0,32,11.0134,0,0,3
"363",20,12,0,32,10.7675,0,0,3
"364",24,6,0,30,9.702,0,0,3
"365",18,8,6,32,14.6383,0,0,3
"366",15,11,6,32,13.0708,0,0,3
"367",23,9,0,32,8.2914,0,0,3
"368",15,9,6,30,9.5961,0,0,3
"369",12,0,0,12,5.387,0,1,2
"370",16,3,0,19,7.329,0,1,3
"371",13,3,0,16,5.7438,0,1,3
"372",26,6,0,32,9.9617,0,0,3
"373",20,9,0,29,11.531,0,1,2
"374",24,6,0,30,8.3348,0,0,3
"375",15,10,3,28,9.3618,0,1,3
"376",19,10,3,32,7.8635,0,0,3
"377",22,3,0,25,7.1149,0,1,2
"378",14,12,6,32,7.2651,0,0,4
"379",12,8,12,32,7.6406,0,0,4
"380",18,6,0,24,7.5171,0,1,2
"381",16,3,0,19,6.0549,0,1,2
"382",24,6,0,30,6.6728,0,0,3
"383",18,11,3,32,13.1064,0,0,4
"384",12,0,0,12,6.5147,0,1,2
"385",24,5,3,32,8.8916,0,0,4
"386",15,11,6,32,10.6883,0,0,4
"387",18,11,3,32,11.9608,0,0,4
"388",15,12,3,30,10.7428,0,0,4
"389",23,9,0,32,11.3181,0,0,3
"390",26,6,0,32,10.9309,0,0,3
"391",24,6,0,30,9.829,0,0,3
"392",15,9,0,24,9.7399,0,1,3
"393",6,12,14,32,13.6283,0,0,4
"394",11,12,9,32,9.6241,0,0,2
"395",15,12,3,30,9.1588,0,0,3
"396",15,11,6,32,9.5538,0,0,4
"397",23,6,3,32,7.5207,0,0,4
"398",15,11,6,32,9.9335,0,0,4
"399",26,3,0,29,9.355,0,1,3
"400",23,3,0,26,8.4226,0,1,2
"401",12,0,0,12,5.8948,0,1,2
"402",24,6,0,30,8.6165,0,0,2
"403",22,3,0,25,7.5971,0,1,2
"404",15,13,3,31,9.6601,0,0,4
"405",17,12,3,32,9.6737,0,0,3
"406",23,6,3,32,9.3487,0,0,3
"407",30,0,0,30,11.2118,0,0,2
"408",24,6,0,30,10.3796,0,0,3
"409",24,6,0,30,9.2682,0,0,3
"410",24,6,0,30,6.9672,0,0,3
"411",9,0,0,9,4.559,0,1,1
"412",27,3,0,30,7.9401,0,0,2
"413",15,0,0,15,7.3629,0,1,2
"414",12,0,0,12,5.644,0,1,2
"415",23,6,3,32,9.3165,0,0,4
"416",12,12,6,30,9.525,0,0,3
"417",15,9,0,24,9.0003,0,1,3
"418",24,6,0,30,9.287,0,0,3
"419",15,11,6,32,9.1626,0,0,3
"420",19,10,3,32,9.264,0,0,3
"421",21,9,0,30,10.1337,0,0,3
"422",6,9,0,15,6.3227,0,1,3
"423",15,12,3,30,9.7739,0,0,3
"424",24,6,0,30,9.9059,0,0,3
"425",15,12,3,30,9.7494,0,0,3
"426",15,12,3,30,6.5474,0,0,4
"427",24,5,3,32,6.1817,0,0,3
"428",26,6,0,32,6.0948,0,0,2
"429",21,0,0,21,5.0418,0,1,2
"430",15,12,3,30,9.1498,0,0,4
"431",24,5,3,32,6.8503,0,0,2
"432",24,6,0,30,7.8042,0,0,3
"433",18,11,3,32,11.1862,0,0,4
"434",26,3,0,29,10.0501,0,1,2
"435",18,7,7,32,12.6534,0,0,5
"436",24,6,0,30,8.1132,0,0,3
"437",15,12,3,30,10.1023,0,0,4
"438",14,15,3,32,9.119,0,0,4
"439",15,6,11,32,10.5605,0,0,5
"440",21,6,3,30,7.5359,0,0,4
"441",25,4,3,32,9.1492,0,0,4
"442",24,6,0,30,8.8594,0,0,3
"443",18,11,3,32,7.3229,0,0,4
"444",24,6,0,30,7.0384,0,0,3
"445",24,6,0,30,7.3966,0,0,3
"446",15,11,6,32,9.6118,0,0,3
"447",18,8,6,32,8.1448,0,0,3
"448",15,13,3,31,8.4397,0,0,3
"449",23,9,0,32,10.9126,0,0,2
"450",24,6,0,30,10.3012,0,0,2
"451",20,8,3,31,7.8762,0,0,4
"452",18,8,6,32,7.3942,0,0,3
"453",16,9,0,25,9.782,0,1,3
"454",14,3,0,17,6.9899,0,1,3
"455",15,10,6,31,12.3822,0,0,3
"456",15,10,6,31,10.4898,0,0,3
"457",22,9,0,31,8.4314,0,0,3
"458",24,6,0,30,7.8883,0,0,3
"459",30,0,0,30,10.9848,0,0,2
"460",20,0,0,20,8.8533,0,1,2
"461",17,0,0,17,7.7163,0,1,2
"462",9,0,0,9,3.79,0,1,1
"463",18,9,0,27,11.97,0,1,3
"464",18,11,3,32,11.2712,0,0,3
"465",15,11,3,29,9.7946,0,1,3
"466",15,9,0,24,7.1764,0,1,3
"467",23,9,0,32,10.5372,0,0,3
"468",23,9,0,32,7.7087,0,0,3
"469",24,6,0,30,10.4153,0,0,3
"470",21,9,0,30,11.2383,0,0,2
"471",24,6,0,30,7.0891,0,0,3
"472",15,9,6,30,6.6059,0,0,3
"473",15,12,3,30,6.3922,0,0,2
"474",27,3,0,30,6.4301,0,0,2
"475",15,12,3,30,10.6357,0,0,4
"476",24,5,3,32,8.6269,0,0,4
"477",18,9,3,30,11.4527,0,0,4
"478",26,6,0,32,7.8964,0,0,3
"479",25,6,0,31,10.6597,0,0,2
"480",25,6,0,31,10.6923,0,0,2
"481",9,0,0,9,3.7424,1,0,2
"482",18,11,3,32,9.8369,0,0,4
"483",15,12,3,30,9.5768,0,0,4
"484",7,10,15,32,9.1931,0,0,6
"485",20,9,3,32,9.5789,0,0,4
"486",18,11,3,32,8.8381,0,0,4
"487",26,3,0,29,7.9346,0,1,2
"488",23,3,0,26,6.5956,0,1,2
"489",14,12,6,32,8.1955,0,0,4
"490",14,12,6,32,7.5977,0,0,4
"491",15,12,3,30,9.0521,0,0,4
"492",14,15,3,32,7.1036,0,0,4
"493",23,6,3,32,5.8499,0,0,4
"494",27,3,0,30,5.8427,0,0,3
"495",24,5,3,32,7.1899,0,0,4
"496",24,6,0,30,7.3205,0,0,3
"497",24,6,0,30,6.1035,0,0,3
"498",19,0,0,19,8.9572,0,1,1
"499",24,6,0,30,9.8575,0,0,3
"500",18,11,3,32,9.2955,0,0,3
"501",15,12,3,30,10.051,0,0,3
"502",15,12,3,30,10.8135,0,0,3
"503",24,5,3,32,13.0697,0,0,3
"504",23,6,3,32,10.896,0,0,3
"505",15,11,6,32,10.5977,0,0,4
"506",10,11,11,32,8.7376,0,0,5
"507",18,11,3,32,8.6349,0,0,4
"508",24,0,0,24,9.4058,0,1,2
"509",15,11,6,32,8.8876,0,0,2
"510",16,7,9,32,9.1804,0,0,3
"511",15,9,0,24,8.4806,0,1,3
"512",24,6,0,30,8.7709,0,0,3
"513",24,6,0,30,6.5459,0,0,3
"514",24,6,0,30,6.1565,0,0,3
"515",21,9,0,30,9.7564,0,0,3
"516",24,6,0,30,7.9788,0,0,3
"517",15,12,3,30,9.0681,0,0,4
"518",15,12,3,30,7.5748,0,0,3
"519",19,10,3,32,7.7365,0,0,3
"520",13,10,9,32,9.9875,0,0,3
"521",13,0,0,13,3.1732,1,0,2
"522",18,9,0,27,8.7908,0,1,3
"523",13,9,0,22,10.2702,0,1,3
"524",15,11,6,32,11.4607,0,0,3
"525",21,9,0,30,11.1074,0,0,2
"526",24,6,0,30,8.6898,0,0,3
"527",15,9,0,24,9.2178,0,1,3
"528",26,6,0,32,9.9175,0,0,3
"529",15,11,6,32,8.9139,0,0,4
"530",18,9,0,27,9.6036,0,1,3
"531",24,6,0,30,7.2622,0,0,3
"532",15,9,0,24,7.3333,0,1,3
"533",24,6,0,30,6.4574,0,0,3
"534",15,9,0,24,10.8574,0,1,3
"535",14,12,6,32,8.2202,0,0,4
"536",15,11,6,32,9.0666,0,0,3
"537",21,0,0,21,6.7581,0,1,2
"538",12,0,0,12,5.8471,0,1,2
"539",24,5,3,32,9.4047,0,0,4
"540",10,11,11,32,7.4909,0,0,5
"541",19,9,0,28,9.6924,0,1,3
"542",16,9,0,25,8.9602,0,1,3
"543",14,15,3,32,8.5691,0,0,3
"544",15,9,0,24,7.0293,0,1,3
"545",15,9,0,24,9.0856,0,1,3
"546",15,11,3,29,8.0443,0,1,3
"547",23,9,0,32,6.8579,0,0,3
"548",18,12,0,30,10.0924,0,0,2
"549",18,3,0,21,7.054,0,1,3
"550",15,3,0,18,5.8341,0,1,3
"551",18,8,3,29,7.7152,0,1,2
"552",18,12,0,30,9.4322,0,0,3
"553",18,6,0,24,7.4751,0,1,2
"554",15,14,3,32,9.6902,0,0,3
"555",14,10,3,27,8.0021,0,1,4
"556",21,9,0,30,10.0796,0,0,2
"557",21,0,0,21,7.4617,0,1,2
"558",12,0,0,12,5.161,0,1,2
"559",26,6,0,32,9.6331,0,0,2
"560",18,9,0,27,9.657,0,1,3
"561",15,9,0,24,7.9921,0,1,3
"562",15,12,3,30,9.5598,0,0,4
"563",14,4,13,31,8.1547,0,0,4
"564",18,12,0,30,8.7241,0,0,3
"565",24,6,0,30,8.341,0,0,3
"566",24,6,0,30,6.973,0,0,3
"567",27,3,0,30,11.1902,0,0,2
"568",24,6,0,30,6.7817,0,0,3
"569",21,6,0,27,11.0207,0,1,2
"570",26,6,0,32,7.7904,0,0,2
"571",21,6,3,30,7.3503,0,0,3
"572",25,3,0,28,7.3916,0,1,2
"573",15,12,3,30,7.4268,0,0,4
"574",27,3,0,30,5.8098,0,0,3
"575",27,3,0,30,7.8021,0,0,3
"576",26,6,0,32,9.1827,0,0,3
"577",15,11,6,32,10.2126,0,0,4
"578",15,12,3,30,10.5519,0,0,4
"579",24,6,0,30,7.2469,0,0,3
"580",12,6,0,18,8.0432,0,1,2
"581",18,3,0,21,8.3764,0,1,3
"582",15,12,3,30,10.577,0,0,4
"583",27,3,0,30,6.8388,0,0,3
"584",24,6,0,30,7.2036,0,0,3
"585",15,12,3,30,8.2428,0,0,4
"586",18,10,3,31,10.9086,0,0,3
"587",15,13,3,31,9.5868,0,0,3
"588",15,13,3,31,8.2636,0,0,3
"589",6,12,14,32,10.557,0,0,5
"590",15,12,3,30,9.8138,0,0,3
"591",15,12,3,30,8.645,0,0,3
"592",18,11,3,32,9.7509,0,0,4
"593",15,12,3,30,8.8192,0,0,4
"594",24,5,3,32,9.5912,0,0,4
"595",18,11,3,32,7.4641,0,0,4
"596",15,9,0,24,7.691,0,1,3
"597",12,0,0,12,6.0258,0,1,2
"598",24,5,3,32,9.431,0,0,4
"599",23,6,3,32,8.2978,0,0,4
"600",24,6,0,30,8.8299,0,0,3
"601",24,6,0,30,6.9182,0,0,3
"602",27,3,0,30,7.1567,0,0,2
"603",16,3,0,19,5.6899,0,1,2
"604",14,8,10,32,7.7961,0,0,4
"605",19,8,3,30,5.5996,0,0,4
"606",26,6,0,32,7.5712,0,0,3
"607",18,11,3,32,8.1816,0,0,3
"608",20,9,3,32,6.3259,0,0,3
"609",24,6,0,30,7.7209,0,0,2
"610",21,0,0,21,9.1255,0,1,2
"611",15,11,6,32,12.5331,0,0,4
"612",12,0,0,12,5.4686,0,1,2
"613",18,11,3,32,9.5988,0,0,4
"614",15,12,3,30,9.0046,0,0,4
"615",22,7,3,32,9.2375,0,0,4
"616",19,7,6,32,8.5344,0,0,4
"617",23,6,3,32,8.0954,0,0,4
"618",14,12,6,32,7.776,0,0,4
"619",18,12,0,30,8.4345,0,0,3
"620",21,0,0,21,5.6788,0,1,2
"621",27,3,0,30,5.8452,0,0,2
"622",19,10,3,32,7.54,0,0,4
"623",16,12,3,31,6.4413,0,0,4
"624",16,15,0,31,11.2263,0,0,3
"625",21,9,0,30,10.2027,0,0,3
"626",19,10,3,32,11.142,0,0,4
"627",16,9,7,32,11.831,0,0,5
"628",15,11,6,32,11.179,0,0,5
"629",17,11,3,31,11.8569,0,0,2
"630",18,11,3,32,9.9712,0,0,3
"631",22,5,3,30,5.9319,0,0,4
"632",15,14,3,32,10.8164,0,0,3
"633",15,9,0,24,7.6647,0,1,3
"634",16,13,3,32,8.7987,0,0,4
"635",18,12,0,30,11.194,0,0,3
"636",17,6,0,23,6.7634,0,1,3
"637",18,9,0,27,9.2338,0,1,3
"638",15,12,3,30,9.1486,0,0,3
"639",18,10,3,31,9.7231,0,0,3
"640",20,7,3,30,5.8538,0,0,3
"641",24,6,0,30,8.085,0,0,3
"642",12,0,0,12,6.088,0,1,1
"643",15,10,3,28,8.938,0,1,3
"644",18,11,3,32,10.7501,0,0,4
"645",14,15,3,32,7.6118,0,0,3
"646",6,12,14,32,11.6328,0,0,5
"647",19,9,3,31,8.0838,0,0,4
"648",16,9,7,32,7.6856,0,0,5
"649",18,12,0,30,10.6304,0,0,3
"650",18,12,0,30,10.8045,0,0,2
"651",22,9,0,31,11.8341,0,0,2
"652",27,3,0,30,11.0836,0,0,2
"653",19,10,3,32,7.3676,0,0,3
"654",24,6,0,30,11.516,0,0,3
"655",14,12,6,32,10.181,0,0,4
"656",15,11,6,32,8.632,0,0,4
"657",20,9,3,32,7.1499,0,0,3
"658",17,12,3,32,6.9047,0,0,3
"659",21,6,0,27,9.9463,0,1,2
"660",21,6,0,27,8.0363,0,1,2
"661",21,6,0,27,9.9584,0,1,2
"662",18,6,0,24,9.3347,0,1,2
"663",21,9,0,30,10.2496,0,0,3
"664",18,9,0,27,8.9034,0,1,3
"665",18,11,3,32,9.0424,0,0,4
"666",18,11,3,32,8.1562,0,0,4
"667",17,12,3,32,8.0365,0,0,3
"668",12,9,11,32,7.7286,0,0,5
"669",15,12,3,30,8.0555,0,0,3
"670",28,3,0,31,9.3982,0,0,2
"671",28,3,0,31,7.5808,0,0,2
"672",15,12,3,30,7.7456,0,0,3
"673",15,12,3,30,9.5792,0,0,4
"674",15,11,6,32,9.6536,0,0,4
"675",6,9,0,15,7.1844,0,1,3
"676",15,11,6,32,11.2765,0,0,3
"677",15,11,6,32,8.9645,0,0,3
"678",24,6,0,30,9.4441,0,0,3
"679",24,6,0,30,8.5662,0,0,3
"680",24,6,0,30,8.1301,0,0,3
"681",24,6,0,30,7.4344,0,0,3
"682",15,11,6,32,10.8611,0,0,4
"683",15,7,8,30,9.4668,0,0,5
"684",20,7,3,30,6.6522,0,0,4
"685",10,10,11,31,9.2825,0,0,4
"686",18,11,3,32,8.0155,0,0,3
"687",14,3,0,17,6.7708,0,1,2
"688",23,3,0,26,7.5707,0,1,2
"689",15,9,0,24,6.8531,0,1,3
"690",24,6,0,30,7.5164,0,0,3
"691",15,11,6,32,9.4814,0,0,3
"692",16,3,0,19,7.756,0,1,2
"693",13,3,0,16,6.2161,0,1,2
"694",23,3,0,26,9.1786,0,1,3
"695",20,3,0,23,7.8427,0,1,2
"696",12,6,14,32,10.8561,0,0,3
"697",9,6,17,32,10.0077,0,0,3
"698",13,12,6,31,8.7502,0,0,3
"699",18,11,3,32,11.5414,0,0,3
"700",15,11,3,29,9.6732,0,1,3
"701",15,12,3,30,8.6862,0,0,4
"702",24,6,0,30,9.2309,0,0,3
"703",15,12,3,30,7.8471,0,0,4
"704",18,9,0,27,10.8682,0,1,2
"705",18,9,0,27,9.2637,0,1,2
"706",6,15,11,32,8.7511,0,0,4
"707",29,3,0,32,9.0129,0,0,2
"708",21,9,0,30,7.988,0,0,3
"709",14,12,6,32,9.4806,0,0,4
"710",9,0,0,9,4.1016,0,1,1
"711",15,10,7,32,8.7133,0,0,4
"712",18,6,0,24,8.0485,0,1,2
"713",21,3,0,24,7.3338,0,1,2
"714",12,3,0,15,5.2691,0,1,2
"715",15,12,3,30,10.571,0,0,4
"716",21,8,3,32,10.281,0,0,4
"717",18,10,3,31,9.0987,0,0,3
"718",16,12,3,31,7.4389,0,0,4
"719",24,6,0,30,8.6806,0,0,3
"720",24,6,0,30,7.2259,0,0,3
"721",6,12,14,32,10.5172,0,0,5
"722",13,11,8,32,7.8721,0,0,5
"723",15,12,3,30,8.1992,0,0,4
"724",26,6,0,32,9.9124,0,0,3
"725",14,3,0,17,6.854,0,1,2
"726",23,3,0,26,7.3375,0,1,2
"727",15,12,3,30,11.4125,0,0,4
"728",24,6,0,30,9.6494,0,0,3
"729",24,6,0,30,6.3846,0,0,3
"730",15,12,3,30,8.2802,0,0,4
"731",15,8,8,31,10.0167,0,0,4
"732",26,6,0,32,10.1182,0,0,3
"733",15,9,0,24,9.3821,0,1,3
"734",15,8,9,32,9.7965,0,0,5
"735",16,8,6,30,8.7287,0,0,4
"736",8,6,18,32,9.4077,0,0,5
"737",14,12,6,32,8.4021,0,0,4
"738",15,12,3,30,6.014,0,0,3
"739",21,9,0,30,9.0265,0,0,2
"740",17,11,3,31,9.365,0,0,3
"741",13,9,3,25,6.7719,0,1,2
"742",26,6,0,32,7.5623,0,0,2
"743",21,9,0,30,11.1942,0,0,3
"744",12,0,0,12,5.1812,0,1,2
"745",24,6,0,30,6.5753,0,0,3
"746",21,0,0,21,8.4079,0,1,2
"747",24,6,0,30,9.7152,0,0,3
"748",18,3,0,21,6.8731,0,1,3
"749",15,12,3,30,8.371,0,0,3
"750",15,12,3,30,7.6863,0,0,3
"751",14,12,6,32,7.7166,0,0,4
"752",26,6,0,32,8.3888,0,0,3
"753",26,6,0,32,7.1751,0,0,3
"754",14,12,6,32,8.6755,0,0,4
"755",18,11,3,32,10.6269,0,0,3
"756",15,9,0,24,6.8209,0,1,3
"757",14,3,0,17,6.7147,0,1,2
"758",24,6,0,30,9.2528,0,0,2
"759",23,9,0,32,6.1343,0,0,3
"760",23,9,0,32,6.6564,0,0,3
"761",26,6,0,32,7.8808,0,0,2
"762",24,6,0,30,9.3213,0,0,2
"763",24,6,0,30,6.9388,0,0,2
"764",26,6,0,32,7.9246,0,0,2
"765",24,6,0,30,8.1905,0,0,3
"766",21,0,0,21,7.2728,0,1,2
"767",25,6,0,31,8.9284,0,0,3
"768",24,6,0,30,8.5886,0,0,3
"769",15,12,3,30,7.3515,0,0,4
"770",15,12,3,30,8.8751,0,0,4
"771",15,10,6,31,8.5573,0,0,4
"772",19,7,6,32,7.0963,0,0,4
"773",12,9,11,32,7.4973,0,0,5
"774",12,11,9,32,7.6427,0,0,5
"775",20,9,3,32,5.7157,0,0,4
"776",12,0,0,12,5.2905,0,1,1
"777",24,5,3,32,6.4885,0,0,4
"778",19,10,3,32,6.446,0,0,3
"779",26,6,0,32,7.6964,0,0,2
"780",15,12,3,30,11.3006,0,0,4
"781",19,9,3,31,6.4514,0,0,4
"782",14,11,6,31,9.7081,0,0,4
"783",17,9,6,32,7.5662,0,0,4
"784",6,18,6,30,10.0053,0,0,3
"785",15,11,6,32,7.7503,0,0,3
"786",14,15,3,32,8.0602,0,0,3
"787",18,11,3,32,9.1755,0,0,4
"788",13,12,6,31,7.5085,0,0,4
"789",10,9,13,32,7.993,0,0,5
"790",15,9,0,24,7.6623,0,1,3
"791",15,11,6,32,12.1712,0,0,4
"792",15,11,6,32,12.1573,0,0,4
"793",18,8,6,32,10.5045,0,0,4
"794",15,11,6,32,8.6325,0,0,4
"795",13,10,9,32,8.9843,0,0,5
"796",11,7,14,32,8.3773,0,0,5
"797",15,9,0,24,8.2669,0,1,3
"798",15,12,3,30,7.6298,0,0,4
"799",18,12,0,30,10.7985,0,0,3
"800",24,0,0,24,9.3724,0,1,2
"801",24,0,0,24,7.4037,0,1,2
"802",21,9,0,30,10.8026,0,0,2
"803",24,6,0,30,7.1331,0,0,2
"804",25,6,0,31,9.2777,0,0,2
"805",21,9,0,30,9.3299,0,0,3
"806",18,9,0,27,8.5941,0,1,3
"807",24,0,0,24,7.8708,0,1,2
"808",15,11,6,32,9.1457,0,0,4
"809",14,12,6,32,8.8807,0,0,4
"810",15,12,3,30,9.1294,0,0,4
"811",20,9,3,32,6.9355,0,0,4
"812",15,11,6,32,14.0615,0,0,3
"813",24,6,0,30,8.5399,0,0,3
"814",16,10,6,32,10.3804,0,0,3
"815",18,12,0,30,10.6877,0,0,3
"816",23,9,0,32,8.8967,0,0,3
"817",21,9,0,30,7.4987,0,0,3
"818",15,11,6,32,9.6647,0,0,4
"819",23,6,3,32,6.9864,0,0,4
"820",15,11,3,29,8.9418,0,1,4
"821",24,5,3,32,7.1366,0,0,4
"822",15,11,3,29,7.3675,0,1,4
"823",15,12,3,30,10.1099,0,0,4
"824",27,3,0,30,9.0595,0,0,3
"825",27,3,0,30,9.0102,0,0,3
"826",6,15,9,30,11.325,0,0,4
"827",6,12,14,32,11.1767,0,0,4
"828",15,12,3,30,8.5847,0,0,4
"829",22,7,3,32,6.3138,0,0,4
"830",6,15,9,30,13.2816,0,0,3
"831",18,10,3,31,9.7149,0,0,4
"832",18,10,3,31,9.4041,0,0,4
"833",18,10,3,31,7.0054,0,0,4
"834",18,6,0,24,8.6651,0,1,2
"835",24,0,0,24,8.4115,0,1,2
"836",24,0,0,24,7.1666,0,1,2
"837",24,6,0,30,6.8958,0,0,3
"838",15,9,0,24,8.8908,0,1,3
"839",12,11,9,32,8.8556,0,0,4
"840",14,12,6,32,7.4601,0,0,3
"841",24,6,0,30,6.5816,0,0,3
"842",15,3,0,18,6.0876,0,1,2
"843",18,9,0,27,9.2262,0,1,3
"844",15,12,3,30,9.9131,0,0,4
"845",15,12,3,30,8.5347,0,0,4
"846",26,0,0,26,10.0756,0,1,2
"847",24,0,0,24,7.9802,0,1,2
"848",15,11,6,32,8.4044,0,0,3
"849",20,12,0,32,9.9984,0,0,3
"850",18,11,3,32,10.067,0,0,4
"851",21,0,0,21,5.3175,0,1,2
"852",24,6,0,30,6.6138,0,0,3
"853",24,6,0,30,6.7817,0,0,3
"854",21,9,0,30,10.9564,0,0,2
"855",21,9,0,30,9.6877,0,0,2
"856",18,12,0,30,10.8325,0,0,2
"857",23,9,0,32,7.0324,0,0,2
"858",21,9,0,30,10.0531,0,0,3
"859",16,9,6,31,10.2244,0,0,4
"860",18,8,6,32,7.6252,0,0,4
"861",21,9,0,30,13.2899,0,0,2
"862",21,9,0,30,9.9139,0,0,2
"863",25,6,0,31,7.6192,0,0,3
"864",15,13,3,31,7.5654,0,0,3
"865",6,12,9,27,8.6451,0,1,4
"866",15,9,0,24,7.0592,0,1,3
"867",18,9,0,27,9.3999,0,1,3
"868",24,0,0,24,8.2997,0,1,2
"869",18,3,0,21,8.4706,0,1,3
"870",9,9,0,18,8.2483,0,1,3
"871",26,6,0,32,7.1461,0,0,3
"872",6,16,6,28,10.784,0,1,3
"873",21,9,0,30,11.3898,0,0,2
"874",25,6,0,31,8.5289,0,0,2
"875",18,9,3,30,9.7813,0,0,3
"876",15,12,3,30,7.8332,0,0,3
"877",21,9,0,30,9.4655,0,0,2
"878",18,12,0,30,9.8542,0,0,3
"879",24,0,0,24,8.1597,0,1,2
"880",15,11,6,32,11.2387,0,0,4
"881",24,5,3,32,8.1879,0,0,4
"882",15,12,3,30,10.5317,0,0,4
"883",23,6,3,32,8.3343,0,0,4
"884",21,9,0,30,11.1881,0,0,3
"885",15,9,0,24,9.0668,0,1,3
"886",23,9,0,32,7.4251,0,0,3
"887",21,0,0,21,7.8651,0,1,2
"888",9,0,0,9,3.6175,0,1,1
"889",18,11,3,32,12.4108,0,0,3
"890",21,7,3,31,10.5059,0,0,3
"891",18,11,3,32,9.2136,0,0,3
"892",14,12,6,32,8.5188,0,0,3
"893",16,9,0,25,8.7733,0,1,3
"894",24,6,0,30,7.4271,0,0,3
"895",6,12,9,27,8.4516,0,1,4
"896",11,12,9,32,7.9812,0,0,4
"897",15,11,6,32,9.529,0,0,5
"898",23,9,0,32,7.4553,0,0,3
"899",15,9,0,24,9.9137,0,1,3
"900",24,6,0,30,8.5064,0,0,3
"901",24,6,0,30,6.7559,0,0,3
"902",21,9,0,30,9.5145,0,0,3
"903",21,9,0,30,10.7213,0,0,2
"904",15,12,3,30,9.1137,0,0,3
"905",27,3,0,30,8.6911,0,0,2
"906",18,9,0,27,11.6489,0,1,3
"907",24,3,0,27,11.1057,0,1,3
"908",21,3,0,24,10.2534,0,1,3
"909",28,3,0,31,9.5532,0,0,3
"910",13,11,6,30,8.492,0,0,4
"911",26,6,0,32,7.693,0,0,3
"912",15,10,6,31,11.5866,0,0,3
"913",23,9,0,32,9.3062,0,0,2
"914",14,12,6,32,8.7296,0,0,3
"915",21,9,0,30,11.5628,0,0,3
"916",15,9,0,24,8.8437,0,1,3
"917",15,9,0,24,7.6687,0,1,3
"918",6,12,12,30,10.9785,0,0,4
"919",15,11,6,32,8.0868,0,0,4
"920",15,9,0,24,7.6586,0,1,3
"921",21,0,0,21,6.487,0,1,2
"922",24,6,0,30,7.1449,0,0,3
"923",15,12,3,30,6.7593,0,0,4
"924",15,9,0,24,7.5452,0,1,3
"925",21,9,0,30,10.4334,0,0,2
"926",18,12,0,30,10.0084,0,0,3
"927",18,12,0,30,8.6197,0,0,3
"928",13,3,0,16,6.6652,0,1,2
"929",12,0,0,12,5.0546,0,1,2
"930",21,8,3,32,10.4551,0,0,4
"931",18,8,6,32,10.226,0,0,4
"932",15,11,6,32,9.4803,0,0,3
"933",30,0,0,30,11.0342,0,0,2
"934",30,0,0,30,11.1814,0,0,2
"935",21,0,0,21,5.8229,0,1,2
"936",24,6,0,30,7.8794,0,0,3
"937",17,10,3,30,10.0453,0,0,4
"938",15,11,6,32,9.7333,0,0,4
"939",19,10,3,32,8.505,0,0,4
"940",24,3,0,27,10.9525,0,1,3
"941",28,3,0,31,8.2528,0,0,3
"942",19,9,0,28,9.335,0,1,3
"943",24,6,0,30,7.4055,0,0,3
"944",6,12,14,32,9.2965,0,0,5
"945",18,11,3,32,8.4445,0,0,4
"946",15,12,3,30,8.06,0,0,4
"947",15,12,3,30,8.4757,0,0,4
"948",20,9,3,32,6.1631,0,0,4
"949",18,11,3,32,9.0889,0,0,3
"950",27,3,0,30,7.8032,0,0,3
"951",18,11,3,32,8.5745,0,0,3
"952",15,9,0,24,6.9656,0,1,3
"953",24,6,0,30,6.7415,0,0,3
"954",6,12,13,31,10.1194,0,0,4
"955",12,12,6,30,8.8437,0,0,4
"956",28,3,0,31,10.2366,0,0,2
"957",15,12,3,30,7.6331,0,0,3
"958",26,6,0,32,10.3557,0,0,3
"959",15,3,0,18,5.7201,0,1,3
"960",6,12,9,27,9.1921,0,1,4
"961",15,11,6,32,9.6267,0,0,4
"962",20,9,3,32,7.8938,0,0,4
"963",16,10,6,32,7.181,0,0,4
"964",18,3,0,21,7.9226,0,1,2
"965",20,6,0,26,9.514,0,1,2
"966",13,3,0,16,6.0423,0,1,2
"967",27,3,0,30,7.1067,0,0,2
"968",15,9,0,24,7.8616,0,1,3
"969",15,9,0,24,6.9618,0,1,3
"970",20,3,0,23,8.6449,0,1,2
"971",32,0,0,32,10.7457,0,0,2
"972",23,3,0,26,6.1567,0,1,2
"973",23,3,0,26,6.164,0,1,2
"974",21,0,0,21,7.4347,0,1,2
"975",24,6,0,30,10.0253,0,0,2
"976",21,9,0,30,12.0737,0,0,2
"977",21,9,0,30,11.9131,0,0,3
"978",18,9,0,27,12.3347,0,1,3
"979",18,9,0,27,10.4639,0,1,3
"980",27,3,0,30,8.9522,0,0,3
"981",24,0,0,24,8.2852,0,1,2
"982",15,12,3,30,9.0848,0,0,3
"983",15,11,6,32,9.6844,0,0,3
"984",20,7,3,30,6.2587,0,0,3
"985",29,3,0,32,9.4851,0,0,2
"986",18,8,6,32,7.2147,0,0,2
"987",25,6,0,31,7.2686,0,0,2
"988",13,3,0,16,4.6963,0,1,2
"989",15,0,0,15,6.7873,0,1,2
"990",21,0,0,21,10.5266,0,1,1
"991",18,12,0,30,11.1013,0,0,3
"992",12,0,0,12,5.5026,0,1,2
"993",9,0,0,9,4.1285,0,1,1
"994",25,6,0,31,9.7085,0,0,2
"995",15,11,6,32,9.2915,0,0,3
"996",21,9,0,30,12.4555,0,0,2
"997",21,9,0,30,12.6467,0,0,2
"998",25,6,0,31,8.4346,0,0,2
"999",18,8,6,32,11.1435,0,0,3
"1000",24,6,0,30,8.6661,0,0,3
