"","N_under_dosing","N_MTD","N_over_dosing","Pts","Length","Safety_stop","Sufficient_info","MTD"
"1",0,0,9,9,4.247,0,1,1
"2",0,0,9,9,3.9729,0,1,1
"3",0,0,17,17,7.2234,0,1,1
"4",0,0,14,14,5.4903,0,1,1
"5",0,0,18,18,6.7797,0,1,1
"6",0,0,18,18,5.8762,0,1,2
"7",0,0,6,6,2.8112,1,0,0
"8",0,0,24,24,6.9342,0,1,1
"9",0,0,15,15,4.3884,0,1,1
"10",0,0,16,16,6.7704,0,1,1
"11",0,0,9,9,3.4397,1,0,0
"12",0,0,6,6,2.1155,1,0,0
"13",0,0,3,3,1.0818,1,0,0
"14",0,0,31,31,12.1573,0,0,2
"15",0,0,3,3,0.6992,1,0,0
"16",0,0,6,6,2.9324,1,0,0
"17",0,0,9,9,3.9701,0,1,1
"18",0,0,15,15,7.5203,0,1,2
"19",0,0,21,21,6.0253,0,1,1
"20",0,0,24,24,6.6332,0,1,1
"21",0,0,6,6,3.1544,1,0,0
"22",0,0,9,9,3.8643,1,0,0
"23",0,0,6,6,2.3699,1,0,0
"24",0,0,9,9,4.3162,0,1,1
"25",0,0,18,18,5.6571,0,1,1
"26",0,0,9,9,3.8661,0,1,1
"27",0,0,9,9,4.4312,0,1,1
"28",0,0,9,9,5.0056,0,1,1
"29",0,0,9,9,4.4637,1,0,0
"30",0,0,6,6,3.2682,1,0,0
"31",0,0,17,17,4.3631,1,0,1
"32",0,0,9,9,3.499,0,1,1
"33",0,0,9,9,3.7194,0,1,1
"34",0,0,9,9,3.3623,0,1,1
"35",0,0,9,9,3.6375,0,1,1
"36",0,0,9,9,3.3925,0,1,1
"37",0,0,6,6,3.0678,1,0,0
"38",0,0,9,9,4.702,1,0,0
"39",0,0,25,25,9.0094,0,1,2
"40",0,0,18,18,6.0355,0,1,1
"41",0,0,9,9,4.649,1,0,0
"42",0,0,9,9,4.1571,1,0,0
"43",0,0,6,6,2.3121,1,0,0
"44",0,0,30,30,9.1093,0,0,1
"45",0,0,3,3,0.8025,1,0,0
"46",0,0,9,9,3.9976,0,1,1
"47",0,0,9,9,4.3102,0,1,1
"48",0,0,32,32,11.2395,0,0,2
"49",0,0,30,30,8.1829,0,0,1
"50",0,0,6,6,2.5277,1,0,0
"51",0,0,13,13,3.3024,1,0,1
"52",0,0,9,9,3.7558,0,1,1
"53",0,0,9,9,4.071,0,1,1
"54",0,0,9,9,3.5875,0,1,1
"55",0,0,9,9,3.5311,1,0,0
"56",0,0,6,6,2.3254,1,0,0
"57",0,0,6,6,2.7502,1,0,0
"58",0,0,9,9,4.4457,0,1,1
"59",0,0,31,31,10.3174,0,0,2
"60",0,0,6,6,2.6311,1,0,0
"61",0,0,24,24,10.3023,0,1,1
"62",0,0,9,9,4.0128,0,1,1
"63",0,0,9,9,3.9323,0,1,1
"64",0,0,15,15,6.1824,0,1,1
"65",0,0,6,6,2.707,1,0,0
"66",0,0,9,9,3.5138,0,1,1
"67",0,0,9,9,4.1355,0,1,1
"68",0,0,9,9,3.5366,0,1,1
"69",0,0,9,9,3.2329,1,0,2
"70",0,0,9,9,3.4393,0,1,1
"71",0,0,6,6,2.6344,1,0,0
"72",0,0,21,21,7.138,0,1,1
"73",0,0,3,3,1.1752,1,0,0
"74",0,0,6,6,2.4597,1,0,0
"75",0,0,15,15,5.2861,1,0,1
"76",0,0,9,9,3.8083,0,1,1
"77",0,0,9,9,3.6129,0,1,1
"78",0,0,9,9,4.0541,0,1,1
"79",0,0,9,9,4.5028,1,0,0
"80",0,0,16,16,3.6206,0,1,1
"81",0,0,6,6,2.7638,1,0,0
"82",0,0,9,9,3.0534,1,0,0
"83",0,0,6,6,2.5386,1,0,0
"84",0,0,10,10,2.9824,1,0,1
"85",0,0,9,9,4.5252,0,1,1
"86",0,0,9,9,3.4138,0,1,1
"87",0,0,9,9,4.2716,1,0,0
"88",0,0,6,6,2.9683,1,0,0
"89",0,0,6,6,2.2312,1,0,0
"90",0,0,9,9,4.8787,0,1,1
"91",0,0,9,9,3.5857,1,0,0
"92",0,0,6,6,2.0985,1,0,0
"93",0,0,24,24,6.7704,0,1,1
"94",0,0,9,9,4.1821,0,1,1
"95",0,0,9,9,3.9361,0,1,1
"96",0,0,9,9,3.7132,1,0,0
"97",0,0,9,9,3.6118,0,1,1
"98",0,0,9,9,3.5374,1,0,0
"99",0,0,9,9,3.9105,1,0,0
"100",0,0,9,9,4.1726,0,1,1
"101",0,0,13,13,5.1867,0,1,1
"102",0,0,6,6,2.5428,1,0,0
"103",0,0,17,17,3.62,0,1,1
"104",0,0,3,3,0.9628,1,0,0
"105",0,0,9,9,3.8358,0,1,1
"106",0,0,9,9,3.9261,0,1,1
"107",0,0,6,6,3.0432,1,0,0
"108",0,0,6,6,2.3933,1,0,0
"109",0,0,9,9,3.8058,0,1,1
"110",0,0,9,9,3.9062,0,1,1
"111",0,0,9,9,4.6413,0,1,1
"112",0,0,9,9,7.0409,0,1,1
"113",0,0,21,21,7.8853,0,1,1
"114",0,0,20,20,5.0719,0,1,1
"115",0,0,9,9,3.8134,0,1,1
"116",0,0,3,3,1.2125,1,0,0
"117",0,0,9,9,4.0956,0,1,1
"118",0,0,12,12,5.1817,0,1,2
"119",0,0,9,9,4.0437,0,1,1
"120",0,0,18,18,6.7703,0,1,1
"121",0,0,17,17,4.8168,0,1,1
"122",0,0,3,3,0.9294,1,0,0
"123",0,0,9,9,5.1676,0,1,1
"124",0,0,25,25,8.1696,0,1,1
"125",0,0,11,11,3.7168,1,0,1
"126",0,0,9,9,3.9838,0,1,1
"127",0,0,24,24,6.9877,0,1,1
"128",0,0,3,3,0.5624,1,0,0
"129",0,0,14,14,4.6199,1,0,1
"130",0,0,9,9,3.6438,0,1,1
"131",0,0,9,9,3.7318,0,1,1
"132",0,0,9,9,3.9893,0,1,1
"133",0,0,9,9,3.9733,0,1,1
"134",0,0,21,21,6.9003,0,1,1
"135",0,0,9,9,4.6995,0,1,1
"136",0,0,9,9,3.9078,0,1,1
"137",0,0,17,17,8.3311,0,1,1
"138",0,0,14,14,7.3571,0,1,1
"139",0,0,14,14,5.8389,0,1,1
"140",0,0,9,9,4.2052,0,1,1
"141",0,0,9,9,3.7407,0,1,1
"142",0,0,9,9,3.6791,0,1,1
"143",0,0,9,9,3.4041,0,1,1
"144",0,0,24,24,6.6848,0,1,1
"145",0,0,6,6,2.7548,1,0,0
"146",0,0,9,9,3.4547,0,1,1
"147",0,0,9,9,3.6747,0,1,1
"148",0,0,9,9,4.5549,0,1,1
"149",0,0,9,9,4.35,0,1,1
"150",0,0,9,9,4.1724,0,1,1
"151",0,0,30,30,10.3518,0,0,1
"152",0,0,9,9,4.4124,0,1,1
"153",0,0,9,9,4.3871,1,0,0
"154",0,0,9,9,4.4801,0,1,1
"155",0,0,9,9,4.3291,0,1,1
"156",0,0,9,9,4.6747,1,0,0
"157",0,0,6,6,3.123,1,0,0
"158",0,0,9,9,3.4079,0,1,1
"159",0,0,9,9,3.8189,0,1,1
"160",0,0,6,6,2.6573,1,0,0
"161",0,0,9,9,4.3498,0,1,1
"162",0,0,15,15,7.137,0,1,1
"163",0,0,6,6,2.2598,1,0,0
"164",0,0,32,32,9.2019,0,0,2
"165",0,0,30,30,9.2146,0,0,2
"166",0,0,30,30,11.3993,0,0,1
"167",0,0,9,9,4.4064,0,1,1
"168",0,0,9,9,3.288,0,1,1
"169",0,0,9,9,3.1188,0,1,1
"170",0,0,9,9,3.8752,1,0,0
"171",0,0,9,9,3.7288,0,1,1
"172",0,0,9,9,4.2743,0,1,1
"173",0,0,18,18,6.1647,0,1,1
"174",0,0,18,18,4.5233,0,1,1
"175",0,0,9,9,3.851,0,1,1
"176",0,0,9,9,4.044,1,0,0
"177",0,0,3,3,0.317,1,0,0
"178",0,0,30,30,8.4092,0,0,2
"179",0,0,18,18,5.5642,0,1,1
"180",0,0,3,3,1.2271,1,0,0
"181",0,0,9,9,4.5548,0,1,1
"182",0,0,21,21,8.5921,0,1,1
"183",0,0,21,21,7.4364,0,1,1
"184",0,0,21,21,6.0219,0,1,1
"185",0,0,6,6,2.2358,1,0,0
"186",0,0,9,9,4.262,0,1,1
"187",0,0,30,30,6.7066,0,0,3
"188",0,0,13,13,4.9524,1,0,1
"189",0,0,9,9,4.6372,0,1,1
"190",0,0,21,21,6.3228,0,1,1
"191",0,0,9,9,4.1509,1,0,0
"192",0,0,6,6,2.6281,1,0,0
"193",0,0,30,30,7.852,0,0,3
"194",0,0,32,32,10.939,0,0,2
"195",0,0,32,32,7.4997,0,0,3
"196",0,0,21,21,6.8751,0,1,2
"197",0,0,30,30,8.0385,0,0,2
"198",0,0,9,9,4.2078,0,1,1
"199",0,0,30,30,8.955,0,0,1
"200",0,0,30,30,10.3981,0,0,2
"201",0,0,6,6,2.3157,1,0,0
"202",0,0,13,13,4.2754,0,1,1
"203",0,0,30,30,9.8326,0,0,1
"204",0,0,17,17,7.4263,0,1,1
"205",0,0,32,32,12.2641,0,0,2
"206",0,0,30,30,10.7269,0,0,2
"207",0,0,27,27,11.0562,0,1,1
"208",0,0,27,27,9.5338,0,1,1
"209",0,0,9,9,3.8803,0,1,1
"210",0,0,11,11,3.7223,1,0,2
"211",0,0,18,18,6.6252,0,1,1
"212",0,0,15,15,5.4275,0,1,2
"213",0,0,6,6,2.1965,1,0,0
"214",0,0,6,6,2.6658,1,0,0
"215",0,0,32,32,6.8519,0,0,1
"216",0,0,18,18,4.9816,1,0,1
"217",0,0,15,15,3.326,1,0,1
"218",0,0,9,9,4.0191,1,0,0
"219",0,0,9,9,4.7856,0,1,1
"220",0,0,15,15,4.8623,1,0,1
"221",0,0,12,12,3.6089,1,0,1
"222",0,0,9,9,4.1449,1,0,0
"223",0,0,24,24,9.0788,0,1,1
"224",0,0,15,15,3.8547,1,0,1
"225",0,0,9,9,3.8993,0,1,1
"226",0,0,6,6,2.32,1,0,0
"227",0,0,9,9,3.7863,0,1,1
"228",0,0,21,21,7.7587,0,1,1
"229",0,0,9,9,4.1102,1,0,0
"230",0,0,6,6,2.7313,1,0,0
"231",0,0,12,12,6.1998,0,1,2
"232",0,0,12,12,5.4546,0,1,2
"233",0,0,24,24,6.7393,0,1,1
"234",0,0,9,9,4.7817,0,1,1
"235",0,0,9,9,3.9953,0,1,1
"236",0,0,3,3,0.6002,1,0,0
"237",0,0,27,27,6.6033,0,1,1
"238",0,0,12,12,5.4963,0,1,2
"239",0,0,9,9,4.1468,0,1,1
"240",0,0,16,16,5.8572,0,1,3
"241",0,0,15,15,5.4631,0,1,1
"242",0,0,9,9,4.5024,0,1,1
"243",0,0,18,18,7.3484,0,1,1
"244",0,0,24,24,8.7765,0,1,1
"245",0,0,6,6,2.7787,1,0,0
"246",0,0,24,24,7.9977,0,1,1
"247",0,0,9,9,3.6875,0,1,1
"248",0,0,9,9,3.695,0,1,1
"249",0,0,9,9,3.8891,1,0,0
"250",0,0,3,3,0.5908,1,0,0
"251",0,0,9,9,3.7461,1,0,0
"252",0,0,27,27,10.4839,0,1,1
"253",0,0,3,3,0.9679,1,0,0
"254",0,0,6,6,2.5771,1,0,0
"255",0,0,24,24,6.6874,0,1,1
"256",0,0,14,14,5.8119,0,1,1
"257",0,0,6,6,2.3653,1,0,0
"258",0,0,16,16,6.6707,0,1,1
"259",0,0,13,13,5.5559,0,1,1
"260",0,0,6,6,2.3047,1,0,0
"261",0,0,9,9,5.5505,0,1,1
"262",0,0,9,9,4.7724,0,1,1
"263",0,0,15,15,3.6004,0,1,1
"264",0,0,24,24,7.0886,0,1,1
"265",0,0,9,9,3.8771,0,1,1
"266",0,0,9,9,4.0521,0,1,1
"267",0,0,6,6,2.8109,1,0,0
"268",0,0,9,9,4.3232,0,1,1
"269",0,0,9,9,3.9671,1,0,0
"270",0,0,6,6,2.8566,1,0,0
"271",0,0,9,9,3.6496,1,0,0
"272",0,0,6,6,2.2979,1,0,0
"273",0,0,3,3,1.013,1,0,0
"274",0,0,9,9,3.8297,0,1,1
"275",0,0,20,20,7.2749,0,1,1
"276",0,0,9,9,4.1939,0,1,1
"277",0,0,18,18,5.0905,0,1,1
"278",0,0,6,6,3.606,1,0,0
"279",0,0,9,9,3.7296,1,0,0
"280",0,0,6,6,2.3693,1,0,0
"281",0,0,21,21,6.8765,0,1,2
"282",0,0,9,9,4.0511,0,1,1
"283",0,0,21,21,9.2786,0,1,1
"284",0,0,32,32,8.8702,0,0,1
"285",0,0,9,9,4.287,0,1,1
"286",0,0,6,6,2.6333,1,0,0
"287",0,0,14,14,5.6369,0,1,1
"288",0,0,12,12,5.3659,0,1,1
"289",0,0,15,15,4.0902,0,1,1
"290",0,0,6,6,2.3462,1,0,0
"291",0,0,3,3,1.0485,1,0,0
"292",0,0,3,3,0.6755,1,0,0
"293",0,0,18,18,3.8175,0,1,1
"294",0,0,3,3,0.9777,1,0,0
"295",0,0,12,12,5.2179,0,1,1
"296",0,0,12,12,4.194,1,0,0
"297",0,0,6,6,2.0829,1,0,0
"298",0,0,6,6,2.4781,1,0,0
"299",0,0,6,6,2.6881,1,0,0
"300",0,0,12,12,3.314,1,0,2
"301",0,0,23,23,7.7128,0,1,1
"302",0,0,6,6,2.2917,1,0,0
"303",0,0,18,18,5.6866,0,1,1
"304",0,0,6,6,2.7528,1,0,0
"305",0,0,9,9,3.6394,0,1,1
"306",0,0,9,9,4.5561,0,1,1
"307",0,0,3,3,0.9418,1,0,0
"308",0,0,6,6,2.7081,1,0,0
"309",0,0,18,18,6.0515,0,1,1
"310",0,0,24,24,7.8911,0,1,2
"311",0,0,6,6,2.3355,1,0,0
"312",0,0,9,9,3.5306,1,0,0
"313",0,0,12,12,5.967,0,1,1
"314",0,0,6,6,2.7427,1,0,0
"315",0,0,21,21,6.0638,0,1,1
"316",0,0,18,18,4.1433,0,1,1
"317",0,0,31,31,10.7218,0,0,1
"318",0,0,9,9,4.143,0,1,1
"319",0,0,18,18,7.6419,0,1,1
"320",0,0,16,16,6.0844,0,1,1
"321",0,0,25,25,9.8162,0,1,1
"322",0,0,21,21,5.5483,0,1,1
"323",0,0,9,9,4.2867,0,1,1
"324",0,0,9,9,4.3549,1,0,0
"325",0,0,9,9,3.8045,1,0,0
"326",0,0,9,9,3.5117,0,1,1
"327",0,0,9,9,4.3889,0,1,1
"328",0,0,3,3,0.582,1,0,0
"329",0,0,24,24,8.8051,0,1,1
"330",0,0,9,9,4.0762,1,0,0
"331",0,0,6,6,2.5473,1,0,0
"332",0,0,9,9,3.5423,0,1,1
"333",0,0,9,9,3.9333,1,0,0
"334",0,0,3,3,0.9788,1,0,0
"335",0,0,14,14,5.593,0,1,1
"336",0,0,30,30,10.28,0,0,2
"337",0,0,9,9,3.9615,0,1,1
"338",0,0,15,15,5.3286,0,1,1
"339",0,0,6,6,2.2372,1,0,0
"340",0,0,30,30,8.469,0,0,2
"341",0,0,14,14,3.8824,1,0,1
"342",0,0,9,9,3.6368,0,1,1
"343",0,0,21,21,7.2883,0,1,2
"344",0,0,9,9,4.4346,0,1,1
"345",0,0,25,25,9.0963,0,1,3
"346",0,0,9,9,4.2239,0,1,1
"347",0,0,30,30,6.6706,0,0,3
"348",0,0,6,6,3.0128,1,0,0
"349",0,0,32,32,8.4043,0,0,2
"350",0,0,14,14,4.7506,0,1,1
"351",0,0,6,6,2.228,1,0,0
"352",0,0,9,9,4.5721,0,1,1
"353",0,0,9,9,4.2661,0,1,1
"354",0,0,30,30,10.011,0,0,1
"355",0,0,30,30,9.2693,0,0,2
"356",0,0,13,13,5.4103,0,1,1
"357",0,0,13,13,6.2279,0,1,1
"358",0,0,9,9,4.0097,0,1,1
"359",0,0,9,9,4.0571,0,1,1
"360",0,0,9,9,4.4764,0,1,1
"361",0,0,9,9,3.9288,1,0,0
"362",0,0,6,6,2.537,1,0,0
"363",0,0,9,9,3.2915,0,1,1
"364",0,0,6,6,2.4036,1,0,0
"365",0,0,9,9,4.2515,0,1,1
"366",0,0,24,24,7.1306,0,1,1
"367",0,0,9,9,4.4133,0,1,1
"368",0,0,21,21,7.5589,0,1,2
"369",0,0,3,3,1.063,1,0,0
"370",0,0,6,6,2.7835,1,0,0
"371",0,0,13,13,4.1027,1,0,2
"372",0,0,15,15,5.1346,0,1,1
"373",0,0,3,3,1.0941,1,0,0
"374",0,0,9,9,4.0125,0,1,1
"375",0,0,9,9,4.3964,0,1,1
"376",0,0,9,9,4.5502,0,1,1
"377",0,0,6,6,3.0181,1,0,0
"378",0,0,9,9,3.6104,0,1,1
"379",0,0,27,27,8.6497,0,1,2
"380",0,0,3,3,0.7042,1,0,0
"381",0,0,6,6,2.377,1,0,0
"382",0,0,18,18,4.6662,1,0,1
"383",0,0,6,6,1.7584,1,0,0
"384",0,0,9,9,4.8561,1,0,0
"385",0,0,9,9,3.8298,1,0,0
"386",0,0,15,15,3.8226,0,1,1
"387",0,0,9,9,4.0733,1,0,0
"388",0,0,9,9,4.9695,0,1,1
"389",0,0,30,30,11.7119,0,0,1
"390",0,0,9,9,4.3652,0,1,1
"391",0,0,9,9,4.3385,0,1,1
"392",0,0,21,21,6.2045,0,1,1
"393",0,0,16,16,7.681,0,1,2
"394",0,0,13,13,5.9638,0,1,2
"395",0,0,24,24,8.9469,0,1,1
"396",0,0,9,9,3.984,0,1,1
"397",0,0,9,9,3.8852,0,1,1
"398",0,0,30,30,9.9793,0,0,3
"399",0,0,9,9,4.3188,0,1,1
"400",0,0,30,30,7.2803,0,0,2
"401",0,0,9,9,4.5343,0,1,1
"402",0,0,21,21,6.4916,0,1,2
"403",0,0,9,9,4.237,0,1,1
"404",0,0,9,9,4.3434,0,1,1
"405",0,0,9,9,3.3173,0,1,1
"406",0,0,3,3,1.3495,1,0,0
"407",0,0,9,9,4.2576,1,0,0
"408",0,0,6,6,2.4303,1,0,0
"409",0,0,14,14,4.4168,0,1,1
"410",0,0,21,21,6.0486,0,1,1
"411",0,0,6,6,2.6069,1,0,0
"412",0,0,18,18,7.216,0,1,1
"413",0,0,18,18,5.8709,0,1,1
"414",0,0,9,9,3.9152,0,1,1
"415",0,0,9,9,3.5143,0,1,1
"416",0,0,6,6,2.4236,1,0,0
"417",0,0,21,21,7.666,0,1,1
"418",0,0,9,9,4.6458,0,1,1
"419",0,0,30,30,8.1967,0,0,1
"420",0,0,3,3,1.7716,1,0,0
"421",0,0,6,6,2.4674,1,0,0
"422",0,0,27,27,8.3668,0,1,1
"423",0,0,9,9,3.8722,0,1,1
"424",0,0,9,9,4.8549,1,0,0
"425",0,0,9,9,4.636,0,1,1
"426",0,0,30,30,9.8156,0,0,1
"427",0,0,9,9,4.853,0,1,1
"428",0,0,9,9,4.3264,1,0,0
"429",0,0,17,17,3.7268,0,1,1
"430",0,0,6,6,2.3864,1,0,0
"431",0,0,9,9,3.6889,0,1,1
"432",0,0,6,6,2.5416,1,0,0
"433",0,0,15,15,8.4857,1,0,1
"434",0,0,30,30,9.3338,0,0,3
"435",0,0,9,9,5.8354,0,1,1
"436",0,0,30,30,8.7362,0,0,2
"437",0,0,31,31,7.9665,0,0,2
"438",0,0,9,9,3.5992,0,1,1
"439",0,0,10,10,3.1057,1,0,1
"440",0,0,6,6,2.2025,1,0,0
"441",0,0,9,9,3.8317,0,1,1
"442",0,0,9,9,3.9926,0,1,1
"443",0,0,15,15,5.8719,1,0,1
"444",0,0,18,18,4.9167,1,0,2
"445",0,0,11,11,3.9199,1,0,1
"446",0,0,21,21,7.4726,0,1,1
"447",0,0,9,9,4.2141,0,1,1
"448",0,0,9,9,3.964,0,1,1
"449",0,0,23,23,5.636,0,1,1
"450",0,0,9,9,4.3673,1,0,0
"451",0,0,6,6,2.5704,1,0,0
"452",0,0,21,21,7.9292,0,1,1
"453",0,0,9,9,4.7771,0,1,1
"454",0,0,18,18,4.6885,0,1,1
"455",0,0,11,11,4.5601,1,0,2
"456",0,0,21,21,8.081,0,1,2
"457",0,0,21,21,6.7208,0,1,2
"458",0,0,21,21,5.8736,0,1,2
"459",0,0,9,9,3.6167,1,0,0
"460",0,0,9,9,3.6352,0,1,1
"461",0,0,9,9,3.7919,0,1,1
"462",0,0,6,6,2.5609,1,0,0
"463",0,0,14,14,5.4779,0,1,1
"464",0,0,9,9,4.2983,1,0,0
"465",0,0,9,9,4.1918,0,1,1
"466",0,0,18,18,6.0472,1,0,1
"467",0,0,9,9,3.3692,0,1,1
"468",0,0,6,6,2.9543,1,0,0
"469",0,0,9,9,4.3429,0,1,1
"470",0,0,9,9,4.1012,0,1,1
"471",0,0,21,21,7.1285,0,1,1
"472",0,0,3,3,1.184,1,0,0
"473",0,0,18,18,6.3658,0,1,1
"474",0,0,9,9,4.2697,0,1,1
"475",0,0,9,9,3.7673,0,1,1
"476",0,0,9,9,4.1824,1,0,0
"477",0,0,6,6,2.6137,1,0,0
"478",0,0,9,9,4.7634,0,1,1
"479",0,0,3,3,1.1283,1,0,0
"480",0,0,14,14,4.3168,0,1,1
"481",0,0,9,9,4.2735,1,0,0
"482",0,0,9,9,3.8136,1,0,0
"483",0,0,15,15,3.4241,0,1,1
"484",0,0,21,21,9.9722,0,1,2
"485",0,0,9,9,4.3185,0,1,1
"486",0,0,9,9,4.8167,0,1,1
"487",0,0,24,24,7.6117,0,1,1
"488",0,0,30,30,9.1786,0,0,1
"489",0,0,27,27,7.5783,0,1,3
"490",0,0,30,30,13.2236,0,0,2
"491",0,0,30,30,11.2671,0,0,2
"492",0,0,21,21,8.011,0,1,2
"493",0,0,15,15,4.9019,1,0,2
"494",0,0,9,9,4.3645,0,1,1
"495",0,0,15,15,3.7941,1,0,1
"496",0,0,9,9,4.6711,0,1,1
"497",0,0,9,9,4.0397,0,1,1
"498",0,0,15,15,3.9226,0,1,1
"499",0,0,9,9,4.1581,0,1,1
"500",0,0,9,9,3.6577,0,1,1
"501",0,0,9,9,4.3977,0,1,1
"502",0,0,3,3,0.5509,1,0,0
"503",0,0,18,18,4.7575,1,0,1
"504",0,0,24,24,10.896,0,1,1
"505",0,0,9,9,4.6506,0,1,1
"506",0,0,3,3,1.3665,1,0,0
"507",0,0,30,30,9.0376,0,0,3
"508",0,0,6,6,4.6961,1,0,0
"509",0,0,31,31,9.3782,0,0,2
"510",0,0,30,30,8.4296,0,0,1
"511",0,0,15,15,7.4919,0,1,1
"512",0,0,9,9,4.3309,0,1,1
"513",0,0,21,21,4.9197,0,1,1
"514",0,0,9,9,3.9004,0,1,1
"515",0,0,9,9,3.4967,0,1,1
"516",0,0,9,9,3.9249,0,1,1
"517",0,0,18,18,5.7913,1,0,1
"518",0,0,9,9,3.5625,1,0,0
"519",0,0,6,6,2.6844,1,0,0
"520",0,0,9,9,3.5103,0,1,1
"521",0,0,13,13,3.1732,1,0,2
"522",0,0,32,32,9.0221,0,0,2
"523",0,0,3,3,1.0708,1,0,0
"524",0,0,9,9,4.389,1,0,0
"525",0,0,9,9,3.7014,1,0,0
"526",0,0,9,9,5.0641,0,1,1
"527",0,0,18,18,7.5911,0,1,1
"528",0,0,18,18,5.0793,1,0,1
"529",0,0,6,6,2.7393,1,0,0
"530",0,0,9,9,3.4987,0,1,1
"531",0,0,6,6,2.8556,1,0,0
"532",0,0,9,9,3.8628,0,1,1
"533",0,0,9,9,4.226,0,1,1
"534",0,0,9,9,3.9566,0,1,1
"535",0,0,9,9,3.3309,0,1,1
"536",0,0,24,24,9.2797,0,1,1
"537",0,0,24,24,7.9225,0,1,1
"538",0,0,9,9,4.5154,0,1,1
"539",0,0,9,9,5.5878,0,1,1
"540",0,0,9,9,3.7652,0,1,1
"541",0,0,9,9,3.6257,0,1,1
"542",0,0,18,18,5.4538,0,1,2
"543",0,0,30,30,8.8445,0,0,1
"544",0,0,18,18,5.0196,1,0,1
"545",0,0,3,3,0.8724,1,0,0
"546",0,0,9,9,4.2022,0,1,1
"547",0,0,14,14,5.1301,0,1,1
"548",0,0,9,9,3.8335,0,1,1
"549",0,0,9,9,3.6565,0,1,1
"550",0,0,15,15,4.4901,1,0,2
"551",0,0,22,22,6.2106,1,0,1
"552",0,0,9,9,4.0368,0,1,1
"553",0,0,3,3,1.6539,1,0,0
"554",0,0,3,3,0.6352,1,0,0
"555",0,0,9,9,3.822,0,1,1
"556",0,0,3,3,0.7825,1,0,0
"557",0,0,17,17,6.0884,0,1,1
"558",0,0,14,14,4.189,0,1,1
"559",0,0,3,3,0.8511,1,0,0
"560",0,0,9,9,4.2748,1,0,0
"561",0,0,9,9,4.168,0,1,1
"562",0,0,9,9,3.8398,1,0,0
"563",0,0,9,9,4.3344,0,1,1
"564",0,0,21,21,6.7226,0,1,1
"565",0,0,9,9,3.6303,1,0,0
"566",0,0,13,13,3.5155,0,1,1
"567",0,0,6,6,2.5758,1,0,0
"568",0,0,6,6,2.5888,1,0,0
"569",0,0,20,20,6.7718,0,1,1
"570",0,0,21,21,5.4503,0,1,2
"571",0,0,9,9,4.3949,1,0,0
"572",0,0,21,21,6.1671,0,1,1
"573",0,0,9,9,3.6164,0,1,1
"574",0,0,21,21,5.2302,0,1,1
"575",0,0,3,3,0.6599,1,0,0
"576",0,0,21,21,7.3417,0,1,1
"577",0,0,9,9,4.205,0,1,1
"578",0,0,9,9,4.6607,0,1,1
"579",0,0,30,30,9.3997,0,0,2
"580",0,0,21,21,8.3894,0,1,2
"581",0,0,15,15,5.9687,0,1,1
"582",0,0,6,6,2.2048,1,0,0
"583",0,0,15,15,3.056,1,0,1
"584",0,0,15,15,4.1924,1,0,2
"585",0,0,30,30,10.2131,0,0,1
"586",0,0,9,9,4.1426,0,1,1
"587",0,0,30,30,8.4905,0,0,1
"588",0,0,6,6,2.795,1,0,0
"589",0,0,15,15,6.3695,0,1,1
"590",0,0,13,13,3.7928,0,1,1
"591",0,0,15,15,3.1329,1,0,2
"592",0,0,9,9,4.4888,0,1,1
"593",0,0,9,9,4.4911,0,1,1
"594",0,0,29,29,9.701,0,1,3
"595",0,0,30,30,9.1329,0,0,1
"596",0,0,18,18,5.8491,0,1,1
"597",0,0,21,21,6.8227,0,1,1
"598",0,0,18,18,5.3295,1,0,1
"599",0,0,6,6,3.0179,1,0,0
"600",0,0,30,30,8.5893,0,0,1
"601",0,0,9,9,4.83,0,1,1
"602",0,0,9,9,4.7961,0,1,1
"603",0,0,15,15,7.0785,0,1,1
"604",0,0,6,6,1.7793,1,0,0
"605",0,0,3,3,1.0697,1,0,0
"606",0,0,9,9,4.2459,0,1,1
"607",0,0,12,12,5.1736,0,1,1
"608",0,0,17,17,4.6333,1,0,2
"609",0,0,13,13,5.2005,0,1,1
"610",0,0,12,12,5.4733,0,1,1
"611",0,0,6,6,2.4487,1,0,0
"612",0,0,9,9,3.9538,0,1,1
"613",0,0,6,6,2.1657,1,0,0
"614",0,0,30,30,11.1419,0,0,3
"615",0,0,21,21,9.935,0,1,1
"616",0,0,21,21,8.6605,0,1,1
"617",0,0,30,30,9.0936,0,0,1
"618",0,0,21,21,6.5736,0,1,2
"619",0,0,23,23,7.7978,0,1,1
"620",0,0,9,9,4.0597,0,1,1
"621",0,0,32,32,9.8737,0,0,3
"622",0,0,32,32,8.9496,0,0,3
"623",0,0,30,30,9.4164,0,0,2
"624",0,0,30,30,8.3703,0,0,2
"625",0,0,30,30,6.2127,0,0,2
"626",0,0,6,6,2.4136,1,0,0
"627",0,0,30,30,7.299,0,0,1
"628",0,0,9,9,4.0187,1,0,0
"629",0,0,12,12,5.5508,0,1,1
"630",0,0,9,9,4.0013,0,1,1
"631",0,0,9,9,4.7597,0,1,1
"632",0,0,28,28,10.1238,1,0,1
"633",0,0,9,9,3.5444,0,1,1
"634",0,0,15,15,6.1917,1,0,1
"635",0,0,13,13,5.1569,1,0,1
"636",0,0,9,9,3.8137,0,1,1
"637",0,0,9,9,4.2639,0,1,1
"638",0,0,9,9,3.4064,0,1,1
"639",0,0,31,31,10.0383,0,0,1
"640",0,0,15,15,5.8983,0,1,1
"641",0,0,12,12,5.1969,0,1,1
"642",0,0,12,12,5.4803,0,1,1
"643",0,0,6,6,2.6585,1,0,0
"644",0,0,9,9,3.7372,0,1,1
"645",0,0,9,9,3.9068,0,1,1
"646",0,0,9,9,3.4389,0,1,1
"647",0,0,9,9,4.0774,0,1,1
"648",0,0,9,9,3.9595,1,0,0
"649",0,0,21,21,7.1112,0,1,2
"650",0,0,24,24,7.9047,0,1,1
"651",0,0,9,9,4.0387,0,1,1
"652",0,0,15,15,4.2123,0,1,1
"653",0,0,9,9,3.7208,0,1,1
"654",0,0,6,6,3.0453,1,0,0
"655",0,0,9,9,3.7583,0,1,1
"656",0,0,9,9,4.0107,0,1,1
"657",0,0,9,9,3.6883,1,0,0
"658",0,0,12,12,4.0358,1,0,1
"659",0,0,9,9,4.2666,0,1,1
"660",0,0,24,24,6.6732,0,1,1
"661",0,0,6,6,2.1362,1,0,0
"662",0,0,6,6,2.4609,1,0,0
"663",0,0,9,9,4.0208,0,1,1
"664",0,0,3,3,0.8619,1,0,0
"665",0,0,9,9,3.4969,0,1,1
"666",0,0,6,6,2.6995,1,0,0
"667",0,0,9,9,4.8542,0,1,1
"668",0,0,24,24,10.9901,0,1,1
"669",0,0,31,31,8.6337,0,0,1
"670",0,0,6,6,3.3742,1,0,0
"671",0,0,15,15,4.8774,0,1,1
"672",0,0,30,30,7.7456,0,0,1
"673",0,0,9,9,4.4787,0,1,1
"674",0,0,9,9,5.2581,0,1,1
"675",0,0,24,24,6.5472,0,1,1
"676",0,0,6,6,3.0963,1,0,0
"677",0,0,9,9,3.607,0,1,1
"678",0,0,9,9,3.5679,0,1,1
"679",0,0,6,6,2.4886,1,0,0
"680",0,0,13,13,4.5177,1,0,1
"681",0,0,9,9,3.6146,0,1,1
"682",0,0,3,3,1.246,1,0,0
"683",0,0,6,6,2.2459,1,0,0
"684",0,0,9,9,4.299,0,1,1
"685",0,0,29,29,9.7007,0,1,1
"686",0,0,18,18,7.2743,0,1,1
"687",0,0,21,21,5.2206,0,1,2
"688",0,0,9,9,4.4341,0,1,1
"689",0,0,24,24,8.1603,0,1,1
"690",0,0,9,9,3.8028,0,1,1
"691",0,0,3,3,0.7284,1,0,0
"692",0,0,16,16,6.1886,0,1,1
"693",0,0,9,9,3.4875,1,0,0
"694",0,0,12,12,5.1818,0,1,1
"695",0,0,9,9,3.8969,0,1,1
"696",0,0,6,6,2.7147,1,0,0
"697",0,0,15,15,6.2259,0,1,2
"698",0,0,28,28,8.3528,0,1,1
"699",0,0,9,9,5.0739,0,1,1
"700",0,0,9,9,4.3418,0,1,1
"701",0,0,9,9,4.0775,0,1,1
"702",0,0,9,9,3.6394,0,1,1
"703",0,0,30,30,7.87,0,0,3
"704",0,0,3,3,1.344,1,0,0
"705",0,0,12,12,6.2897,0,1,2
"706",0,0,24,24,7.5728,0,1,1
"707",0,0,18,18,6.5043,0,1,1
"708",0,0,14,14,4.0838,1,0,0
"709",0,0,6,6,3.0172,1,0,0
"710",0,0,3,3,0.3572,1,0,0
"711",0,0,6,6,2.0037,1,0,0
"712",0,0,12,12,2.6138,1,0,1
"713",0,0,9,9,3.7693,1,0,0
"714",0,0,23,23,7.6293,0,1,1
"715",0,0,12,12,3.6152,0,1,1
"716",0,0,6,6,2.6147,1,0,0
"717",0,0,9,9,3.6583,0,1,1
"718",0,0,9,9,3.8914,0,1,1
"719",0,0,28,28,7.7769,0,1,1
"720",0,0,15,15,4.3047,1,0,2
"721",0,0,24,24,9.4962,0,1,1
"722",0,0,9,9,4.5261,0,1,1
"723",0,0,9,9,5.4415,0,1,1
"724",0,0,15,15,6.3432,1,0,2
"725",0,0,15,15,6.5887,0,1,2
"726",0,0,24,24,6.9615,0,1,2
"727",0,0,9,9,3.2719,0,1,1
"728",0,0,3,3,0.7074,1,0,0
"729",0,0,24,24,8.935,0,1,2
"730",0,0,9,9,4.0655,1,0,0
"731",0,0,9,9,3.9536,0,1,1
"732",0,0,29,29,9.9923,0,1,1
"733",0,0,15,15,4.3311,1,0,2
"734",0,0,21,21,7.129,0,1,2
"735",0,0,21,21,6.2366,0,1,2
"736",0,0,21,21,8.9963,0,1,1
"737",0,0,21,21,7.8708,0,1,1
"738",0,0,30,30,9.1396,0,0,1
"739",0,0,9,9,4.3456,1,0,0
"740",0,0,9,9,4.1886,0,1,1
"741",0,0,19,19,6.4397,1,0,0
"742",0,0,9,9,4.0729,0,1,1
"743",0,0,9,9,3.4251,0,1,1
"744",0,0,9,9,3.7422,1,0,0
"745",0,0,3,3,0.7409,1,0,0
"746",0,0,6,6,2.4575,1,0,0
"747",0,0,9,9,3.7271,0,1,1
"748",0,0,18,18,6.6709,0,1,1
"749",0,0,3,3,0.8444,1,0,0
"750",0,0,9,9,3.9977,0,1,1
"751",0,0,24,24,10.6858,0,1,1
"752",0,0,9,9,4.3018,0,1,1
"753",0,0,24,24,7.5546,0,1,1
"754",0,0,9,9,4.7222,1,0,0
"755",0,0,12,12,5.8029,0,1,1
"756",0,0,6,6,2.1436,1,0,0
"757",0,0,9,9,3.4629,1,0,0
"758",0,0,12,12,5.2387,0,1,1
"759",0,0,9,9,3.6305,0,1,1
"760",0,0,9,9,4.388,1,0,0
"761",0,0,9,9,5.3512,0,1,1
"762",0,0,9,9,4.7843,0,1,1
"763",0,0,9,9,4.0598,0,1,1
"764",0,0,9,9,4.0053,0,1,1
"765",0,0,9,9,3.5865,0,1,1
"766",0,0,6,6,2.3731,1,0,0
"767",0,0,6,6,2.4121,1,0,0
"768",0,0,9,9,4.4641,0,1,1
"769",0,0,12,12,5.7632,0,1,1
"770",0,0,3,3,1.5783,1,0,0
"771",0,0,9,9,3.9764,1,0,0
"772",0,0,9,9,3.8724,0,1,1
"773",0,0,14,14,3.6387,0,1,1
"774",0,0,30,30,7.5119,0,0,1
"775",0,0,13,13,4.3279,0,1,1
"776",0,0,13,13,5.2649,0,1,1
"777",0,0,12,12,3.6486,0,1,1
"778",0,0,24,24,8.3813,0,1,1
"779",0,0,9,9,4.7624,0,1,1
"780",0,0,12,12,5.9349,0,1,2
"781",0,0,9,9,4.7864,0,1,1
"782",0,0,6,6,2.6519,1,0,0
"783",0,0,9,9,4.3938,0,1,1
"784",0,0,24,24,9.112,0,1,1
"785",0,0,9,9,4.4759,1,0,0
"786",0,0,6,6,3.052,1,0,0
"787",0,0,21,21,6.4534,0,1,1
"788",0,0,15,15,3.4807,1,0,2
"789",0,0,17,17,6.1477,0,1,1
"790",0,0,3,3,0.7195,1,0,0
"791",0,0,9,9,4.3642,1,0,0
"792",0,0,27,27,10.4202,0,1,1
"793",0,0,9,9,4.626,0,1,1
"794",0,0,30,30,9.9678,0,0,3
"795",0,0,9,9,3.8509,0,1,1
"796",0,0,21,21,6.8793,0,1,2
"797",0,0,9,9,4.1618,0,1,1
"798",0,0,21,21,7.1988,0,1,1
"799",0,0,30,30,5.7596,0,0,2
"800",0,0,9,9,4.3059,0,1,1
"801",0,0,9,9,3.4119,0,1,1
"802",0,0,6,6,2.2994,1,0,0
"803",0,0,9,9,3.8078,1,0,0
"804",0,0,9,9,4.6666,1,0,0
"805",0,0,6,6,2.2646,1,0,0
"806",0,0,17,17,4.7222,0,1,1
"807",0,0,6,6,2.2084,1,0,0
"808",0,0,9,9,3.5536,0,1,1
"809",0,0,9,9,4.3508,0,1,1
"810",0,0,6,6,3.0912,1,0,0
"811",0,0,9,9,4.1453,0,1,1
"812",0,0,15,15,4.3805,0,1,1
"813",0,0,9,9,5.3808,0,1,1
"814",0,0,12,12,5.7018,0,1,2
"815",0,0,25,25,8.8654,0,1,1
"816",0,0,9,9,3.6282,0,1,1
"817",0,0,9,9,3.5156,0,1,1
"818",0,0,9,9,3.7366,0,1,1
"819",0,0,9,9,3.4414,0,1,1
"820",0,0,6,6,2.2169,1,0,0
"821",0,0,9,9,4.3147,0,1,1
"822",0,0,9,9,4.0728,0,1,1
"823",0,0,30,30,10.3266,0,0,1
"824",0,0,11,11,3.443,1,0,2
"825",0,0,30,30,9.0102,0,0,1
"826",0,0,24,24,10.2428,0,1,1
"827",0,0,24,24,9.649,0,1,1
"828",0,0,9,9,4.6208,1,0,0
"829",0,0,9,9,4.3134,0,1,1
"830",0,0,30,30,8.1543,0,0,2
"831",0,0,9,9,4.2162,0,1,1
"832",0,0,21,21,7.2398,0,1,1
"833",0,0,24,24,7.6973,0,1,1
"834",0,0,9,9,4.369,1,0,0
"835",0,0,9,9,3.7202,0,1,1
"836",0,0,9,9,3.7631,0,1,1
"837",0,0,9,9,3.8173,1,0,0
"838",0,0,6,6,2.4079,1,0,0
"839",0,0,18,18,6.766,0,1,2
"840",0,0,17,17,4.9493,0,1,2
"841",0,0,18,18,5.3856,0,1,1
"842",0,0,6,6,2.2355,1,0,0
"843",0,0,3,3,1.0539,1,0,0
"844",0,0,9,9,3.686,0,1,1
"845",0,0,9,9,3.9332,0,1,1
"846",0,0,3,3,0.4722,1,0,0
"847",0,0,9,9,4.0417,0,1,1
"848",0,0,17,17,6.4127,0,1,1
"849",0,0,9,9,3.4759,0,1,1
"850",0,0,9,9,3.4599,0,1,1
"851",0,0,9,9,3.1995,0,1,1
"852",0,0,21,21,7.8218,0,1,2
"853",0,0,9,9,4.4962,0,1,1
"854",0,0,9,9,4.3677,0,1,1
"855",0,0,9,9,4.2825,0,1,1
"856",0,0,9,9,3.6304,0,1,1
"857",0,0,11,11,3.1793,1,0,1
"858",0,0,3,3,1.2472,1,0,0
"859",0,0,9,9,3.6595,0,1,1
"860",0,0,9,9,5.2975,0,1,1
"861",0,0,3,3,1.0383,1,0,0
"862",0,0,21,21,6.9972,0,1,1
"863",0,0,24,24,8.6896,0,1,1
"864",0,0,27,27,7.6639,0,1,1
"865",0,0,9,9,3.7874,0,1,1
"866",0,0,9,9,3.3568,0,1,1
"867",0,0,23,23,7.9763,0,1,1
"868",0,0,6,6,2.3233,1,0,0
"869",0,0,9,9,3.9676,0,1,1
"870",0,0,9,9,3.9352,0,1,1
"871",0,0,9,9,3.6003,0,1,1
"872",0,0,6,6,2.4407,1,0,0
"873",0,0,9,9,3.9454,0,1,1
"874",0,0,9,9,3.2311,1,0,2
"875",0,0,9,9,4.1609,0,1,1
"876",0,0,9,9,3.9408,0,1,1
"877",0,0,9,9,4.2789,0,1,1
"878",0,0,3,3,1.1508,1,0,0
"879",0,0,9,9,3.558,0,1,1
"880",0,0,9,9,3.812,1,0,0
"881",0,0,9,9,3.7133,0,1,1
"882",0,0,9,9,4.9438,0,1,1
"883",0,0,23,23,8.1584,0,1,2
"884",0,0,32,32,7.2828,0,0,3
"885",0,0,6,6,2.7079,1,0,0
"886",0,0,24,24,7.4001,0,1,1
"887",0,0,12,12,4.5401,1,0,0
"888",0,0,6,6,1.8488,1,0,0
"889",0,0,6,6,2.9673,1,0,0
"890",0,0,9,9,4.5187,1,0,0
"891",0,0,9,9,4.1008,0,1,1
"892",0,0,9,9,3.7527,0,1,1
"893",0,0,9,9,3.3288,0,1,1
"894",0,0,13,13,5.6057,0,1,1
"895",0,0,9,9,3.4779,0,1,1
"896",0,0,3,3,1.3291,1,0,0
"897",0,0,9,9,3.8055,0,1,1
"898",0,0,31,31,11.0069,0,0,2
"899",0,0,9,9,3.8964,1,0,0
"900",0,0,9,9,4.3049,1,0,0
"901",0,0,9,9,4.0814,0,1,1
"902",0,0,9,9,3.5281,1,0,1
"903",0,0,15,15,3.7435,0,1,1
"904",0,0,9,9,3.9158,0,1,1
"905",0,0,9,9,3.2544,1,0,0
"906",0,0,9,9,3.242,0,1,1
"907",0,0,30,30,12.8469,0,0,2
"908",0,0,9,9,3.9388,0,1,1
"909",0,0,32,32,11.0015,0,0,1
"910",0,0,32,32,9.5718,0,0,1
"911",0,0,29,29,7.5838,0,1,1
"912",0,0,9,9,5.6765,0,1,1
"913",0,0,9,9,4.9232,0,1,1
"914",0,0,17,17,5.9919,0,1,1
"915",0,0,32,32,11.177,0,0,2
"916",0,0,6,6,2.3848,1,0,0
"917",0,0,6,6,2.3316,1,0,0
"918",0,0,3,3,0.8587,1,0,0
"919",0,0,9,9,4.2088,0,1,1
"920",0,0,9,9,3.7835,0,1,1
"921",0,0,9,9,4.1391,0,1,1
"922",0,0,21,21,6.2099,0,1,1
"923",0,0,30,30,7.3498,0,0,2
"924",0,0,32,32,9.541,0,0,1
"925",0,0,9,9,3.5199,0,1,1
"926",0,0,24,24,6.8076,0,1,1
"927",0,0,15,15,4.6551,1,0,1
"928",0,0,9,9,3.7834,0,1,1
"929",0,0,9,9,3.1837,1,0,0
"930",0,0,9,9,3.591,0,1,1
"931",0,0,9,9,4.1292,1,0,0
"932",0,0,9,9,4.141,0,1,1
"933",0,0,21,21,6.8536,0,1,1
"934",0,0,9,9,3.6112,1,0,0
"935",0,0,14,14,5.5212,0,1,1
"936",0,0,3,3,1.1348,1,0,0
"937",0,0,9,9,3.6048,0,1,1
"938",0,0,31,31,15.1188,0,0,1
"939",0,0,21,21,10.0068,0,1,1
"940",0,0,21,21,8.6525,0,1,1
"941",0,0,9,9,3.8737,0,1,1
"942",0,0,15,15,3.6808,1,0,1
"943",0,0,9,9,4.0244,1,0,0
"944",0,0,13,13,4.5092,0,1,1
"945",0,0,30,30,7.5699,0,0,2
"946",0,0,9,9,4.7591,0,1,1
"947",0,0,9,9,5.2341,0,1,1
"948",0,0,21,21,5.7221,0,1,1
"949",0,0,21,21,6.9291,0,1,2
"950",0,0,30,30,8.0799,0,0,2
"951",0,0,17,17,5.6457,0,1,1
"952",0,0,9,9,4.1123,0,1,1
"953",0,0,9,9,4.036,1,0,0
"954",0,0,3,3,0.9171,1,0,0
"955",0,0,32,32,9.1204,0,0,3
"956",0,0,3,3,0.976,1,0,0
"957",0,0,30,30,7.7726,0,0,1
"958",0,0,9,9,4.2187,0,1,1
"959",0,0,30,30,10.4315,0,0,1
"960",0,0,9,9,3.5951,0,1,1
"961",0,0,9,9,3.8089,0,1,1
"962",0,0,9,9,4.1696,0,1,1
"963",0,0,9,9,4.4235,0,1,1
"964",0,0,9,9,3.5226,1,0,0
"965",0,0,9,9,3.8406,1,0,0
"966",0,0,6,6,2.5383,1,0,0
"967",0,0,13,13,4.6659,0,1,1
"968",0,0,9,9,3.9931,0,1,1
"969",0,0,14,14,3.9677,1,0,2
"970",0,0,3,3,0.7315,1,0,0
"971",0,0,9,9,3.6158,0,1,1
"972",0,0,9,9,3.7829,0,1,1
"973",0,0,9,9,3.8088,0,1,1
"974",0,0,9,9,3.7465,1,0,0
"975",0,0,3,3,0.6009,1,0,0
"976",0,0,9,9,4.2769,1,0,0
"977",0,0,6,6,2.1652,1,0,0
"978",0,0,21,21,6.0646,0,1,1
"979",0,0,9,9,3.4301,0,1,1
"980",0,0,9,9,3.3891,1,0,0
"981",0,0,24,24,8.0847,0,1,1
"982",0,0,3,3,1.3834,1,0,0
"983",0,0,18,18,6.8442,0,1,1
"984",0,0,32,32,7.9416,0,0,2
"985",0,0,3,3,0.8985,1,0,0
"986",0,0,23,23,7.6438,0,1,1
"987",0,0,18,18,5.7124,0,1,1
"988",0,0,15,15,4.5889,0,1,1
"989",0,0,6,6,1.8834,1,0,0
"990",0,0,3,3,0.9974,1,0,0
"991",0,0,18,18,7.0142,0,1,1
"992",0,0,3,3,0.518,1,0,0
"993",0,0,3,3,0.3125,1,0,0
"994",0,0,9,9,3.5079,0,1,1
"995",0,0,9,9,4.0723,0,1,1
"996",0,0,9,9,4.513,0,1,1
"997",0,0,9,9,4.6505,0,1,1
"998",0,0,9,9,4.3681,0,1,1
"999",0,0,9,9,4.3202,0,1,1
"1000",0,0,18,18,6.7718,0,1,1
