"","N_under_dosing","N_MTD","N_over_dosing","Pts","Length","Safety_stop","Sufficient_info","MTD"
"1",20,5,7,32,10.1198,0,0,5
"2",9,12,9,30,11.4256,0,0,5
"3",14,12,6,32,10.3392,0,0,5
"4",19,10,3,32,8.7863,0,0,5
"5",18,11,3,32,9.1429,0,0,4
"6",22,7,3,32,8.164,0,0,4
"7",22,9,0,31,11.7685,0,0,4
"8",23,9,0,32,10.0658,0,0,4
"9",15,9,0,24,9.3248,0,1,4
"10",15,0,0,15,6.7052,0,1,3
"11",24,0,0,24,8.4791,0,1,3
"12",27,3,0,30,10.5806,0,0,4
"13",27,3,0,30,9.9593,0,0,4
"14",23,6,3,32,7.497,0,0,5
"15",24,0,0,24,9.3492,0,1,3
"16",29,3,0,32,12.0391,0,0,4
"17",32,0,0,32,9.5623,0,0,3
"18",21,9,0,30,10.0244,0,0,4
"19",26,6,0,32,7.4158,0,0,3
"20",30,0,0,30,6.5459,0,0,3
"21",25,6,0,31,11.1924,0,0,4
"22",30,0,0,30,9.3412,0,0,3
"23",9,0,0,9,4.3645,0,1,1
"24",27,3,0,30,11.8317,0,0,4
"25",29,3,0,32,9.8678,0,0,4
"26",27,3,0,30,9.1756,0,0,4
"27",31,0,0,31,7.3512,0,0,3
"28",19,10,3,32,9.6548,0,0,4
"29",15,0,0,15,7.7968,0,1,3
"30",24,0,0,24,7.5633,0,1,3
"31",30,0,0,30,10.5128,0,0,3
"32",30,0,0,30,11.1362,0,0,3
"33",30,0,0,30,9.3986,0,0,3
"34",24,5,3,32,8.8973,0,0,5
"35",25,0,0,25,11.4131,0,1,2
"36",9,0,0,9,3.9088,0,1,1
"37",9,0,0,9,5.9601,0,1,1
"38",25,4,3,32,11.784,0,0,5
"39",30,0,0,30,7.3092,0,0,3
"40",30,0,0,30,7.2139,0,0,3
"41",29,3,0,32,6.3581,0,0,4
"42",22,0,0,22,7.6839,0,1,2
"43",26,3,3,32,9.1194,0,0,5
"44",26,3,3,32,8.0896,0,0,5
"45",28,3,0,31,7.4612,0,0,4
"46",25,4,3,32,9.5727,0,0,4
"47",22,7,3,32,9.0673,0,0,4
"48",19,10,3,32,7.9968,0,0,4
"49",29,3,0,32,7.3595,0,0,3
"50",18,9,0,27,11.9666,0,1,4
"51",21,9,0,30,10.6036,0,0,4
"52",9,0,0,9,3.8116,0,1,1
"53",26,6,0,32,10.0164,0,0,4
"54",30,0,0,30,6.8969,0,0,3
"55",28,3,0,31,8.9699,0,0,3
"56",26,6,0,32,11.8937,0,0,4
"57",26,6,0,32,11.5368,0,0,4
"58",30,0,0,30,6.7936,0,0,3
"59",15,0,0,15,6.8045,0,1,3
"60",27,3,0,30,9.8498,0,0,4
"61",18,9,0,27,10.1567,0,1,4
"62",21,9,0,30,10.8474,0,0,4
"63",30,0,0,30,10.5819,0,0,3
"64",24,6,0,30,11.7068,0,0,4
"65",29,3,0,32,13.059,0,0,3
"66",21,3,0,24,10.7378,0,1,3
"67",28,3,0,31,10.5091,0,0,4
"68",26,6,0,32,8.8452,0,0,4
"69",18,9,0,27,8.1757,0,1,4
"70",24,0,0,24,7.1259,0,1,3
"71",9,13,3,25,7.7213,0,1,4
"72",19,3,0,22,6.8288,0,1,3
"73",24,6,0,30,12.385,0,0,3
"74",26,6,0,32,8.5673,0,0,3
"75",15,3,0,18,6.601,0,1,4
"76",9,15,3,27,9.4561,0,1,4
"77",24,6,0,30,9.298,0,0,3
"78",24,6,0,30,8.755,0,0,3
"79",29,3,0,32,9.4944,0,0,4
"80",18,0,0,18,7.9321,0,1,2
"81",29,3,0,32,7.1526,0,0,4
"82",15,0,0,15,7.1079,0,1,2
"83",24,0,0,24,9.8349,0,1,2
"84",29,3,0,32,9.212,0,0,3
"85",24,0,0,24,8.6214,0,1,3
"86",30,0,0,30,9.457,0,0,3
"87",21,0,0,21,9.3223,0,1,2
"88",30,0,0,30,6.512,0,0,3
"89",29,3,0,32,9.5688,0,0,4
"90",15,0,0,15,7.7233,0,1,3
"91",30,0,0,30,6.8055,0,0,3
"92",30,0,0,30,11.033,0,0,2
"93",27,3,0,30,8.0607,0,0,3
"94",29,3,0,32,9.523,0,0,4
"95",24,0,0,24,7.3404,0,1,3
"96",18,11,3,32,9.5164,0,0,4
"97",23,9,0,32,8.7181,0,0,3
"98",24,0,0,24,9.1311,0,1,3
"99",12,0,0,12,5.6788,0,1,2
"100",27,3,0,30,8.9962,0,0,3
"101",27,3,0,30,7.5392,0,0,3
"102",27,3,0,30,7.8764,0,0,4
"103",26,6,0,32,6.8528,0,0,4
"104",26,6,0,32,7.5808,0,0,4
"105",18,11,3,32,8.762,0,0,4
"106",19,9,0,28,9.6683,0,1,4
"107",28,3,0,31,10.6188,0,0,4
"108",29,3,0,32,12.6979,0,0,3
"109",21,8,3,32,10.9398,0,0,4
"110",18,11,3,32,10.9515,0,0,4
"111",21,6,0,27,14.1527,0,1,3
"112",27,3,0,30,14.9394,0,0,4
"113",30,0,0,30,9.8241,0,0,3
"114",29,3,0,32,8.0558,0,0,4
"115",18,9,0,27,10.4727,0,1,4
"116",26,6,0,32,9.9514,0,0,4
"117",18,9,0,27,10.3436,0,1,4
"118",18,9,0,27,9.3342,0,1,4
"119",15,12,3,30,9.0495,0,0,4
"120",21,8,3,32,10.1929,0,0,5
"121",23,6,3,32,9.1797,0,0,4
"122",27,3,0,30,9.6339,0,0,3
"123",29,3,0,32,11.144,0,0,4
"124",27,3,0,30,11.0936,0,0,4
"125",30,0,0,30,9.5371,0,0,3
"126",28,3,0,31,7.8574,0,0,4
"127",26,6,0,32,8.4129,0,0,4
"128",27,0,0,27,8.5974,0,1,3
"129",24,0,0,24,6.7911,0,1,3
"130",22,6,3,31,10.0109,0,0,5
"131",19,7,6,32,9.3715,0,0,5
"132",16,10,6,32,9.0762,0,0,5
"133",16,10,6,32,8.6024,0,0,5
"134",26,6,0,32,7.5032,0,0,4
"135",26,6,0,32,8.3514,0,0,4
"136",18,9,0,27,11.1416,0,1,4
"137",24,0,0,24,9.6818,0,1,3
"138",24,0,0,24,9.6772,0,1,3
"139",26,6,0,32,8.6307,0,0,3
"140",27,3,0,30,8.5578,0,0,3
"141",27,3,0,30,7.8289,0,0,4
"142",26,6,0,32,6.9723,0,0,4
"143",29,3,0,32,10.2715,0,0,3
"144",26,0,0,26,8.9177,0,1,3
"145",29,3,0,32,12.4996,0,0,3
"146",30,0,0,30,8.0194,0,0,3
"147",27,3,0,30,8.9027,0,0,4
"148",18,0,0,18,7.2684,0,1,3
"149",31,0,0,31,10.5464,0,0,2
"150",27,0,0,27,10.287,0,1,3
"151",32,0,0,32,8.1912,0,0,3
"152",27,3,0,30,8.1497,0,0,4
"153",21,9,0,30,12.2475,0,0,4
"154",26,6,0,32,8.6215,0,0,3
"155",26,6,0,32,7.518,0,0,4
"156",27,3,0,30,8.0321,0,0,4
"157",30,0,0,30,5.9783,0,0,3
"158",32,0,0,32,13.114,0,0,3
"159",24,0,0,24,9.529,0,1,3
"160",29,3,0,32,13.8292,0,0,4
"161",28,0,0,28,7.8554,0,1,3
"162",27,3,0,30,11.4958,0,0,4
"163",29,3,0,32,10.6184,0,0,4
"164",29,3,0,32,10.1274,0,0,4
"165",15,14,3,32,9.2737,0,0,4
"166",29,3,0,32,8.8014,0,0,4
"167",27,3,0,30,8.1937,0,0,4
"168",30,0,0,30,6.4121,0,0,3
"169",32,0,0,32,7.5574,0,0,3
"170",21,8,3,32,9.2238,0,0,5
"171",27,3,0,30,7.902,0,0,4
"172",30,0,0,30,9.2854,0,0,2
"173",30,0,0,30,7.6772,0,0,2
"174",21,9,0,30,11.4118,0,0,3
"175",27,3,0,30,7.048,0,0,4
"176",30,0,0,30,11.2369,0,0,2
"177",17,12,3,32,8.3558,0,0,4
"178",26,6,0,32,7.4957,0,0,4
"179",30,0,0,30,11.0798,0,0,3
"180",26,6,0,32,10.7842,0,0,3
"181",21,9,0,30,12.5684,0,0,4
"182",21,9,0,30,10.5516,0,0,4
"183",27,3,0,30,10.1914,0,0,4
"184",28,3,0,31,11.1703,0,0,4
"185",26,6,0,32,9.0552,0,0,4
"186",29,3,0,32,7.9006,0,0,4
"187",29,3,0,32,6.8765,0,0,4
"188",16,0,0,16,5.2142,0,1,2
"189",24,5,3,32,9.6854,0,0,4
"190",27,3,0,30,8.6741,0,0,3
"191",25,4,3,32,10.7081,0,0,5
"192",25,4,3,32,9.1003,0,0,5
"193",23,6,3,32,7.6377,0,0,5
"194",23,5,3,31,8.5943,0,0,5
"195",19,6,7,32,8.8816,0,0,6
"196",23,6,3,32,8.5135,0,0,4
"197",29,3,0,32,7.7013,0,0,3
"198",18,10,3,31,9.1898,0,0,4
"199",26,6,0,32,8.0628,0,0,3
"200",21,9,0,30,11.8868,0,0,4
"201",27,3,0,30,11.1457,0,0,4
"202",32,0,0,32,7.7648,0,0,3
"203",27,3,0,30,7.8393,0,0,4
"204",25,6,0,31,10.0555,0,0,4
"205",18,11,3,32,10.9052,0,0,5
"206",16,8,8,32,10.068,0,0,5
"207",18,11,3,32,10.3414,0,0,5
"208",29,3,0,32,7.9738,0,0,4
"209",19,8,3,30,8.0275,0,0,4
"210",18,10,3,31,9.0362,0,0,4
"211",26,6,0,32,8.8124,0,0,4
"212",18,9,0,27,9.908,0,1,4
"213",30,0,0,30,10.3009,0,0,3
"214",30,0,0,30,9.4878,0,0,3
"215",29,3,0,32,6.8519,0,0,4
"216",21,9,0,30,10.596,0,0,4
"217",30,0,0,30,8.3952,0,0,3
"218",26,6,0,32,8.9182,0,0,4
"219",24,5,3,32,9.9619,0,0,5
"220",18,11,3,32,8.8775,0,0,4
"221",18,11,3,32,7.8627,0,0,5
"222",21,6,0,27,8.4079,0,1,3
"223",29,3,0,32,8.8157,0,0,4
"224",26,3,3,32,8.5368,0,0,5
"225",20,6,6,32,9.3432,0,0,5
"226",26,6,0,32,8.3073,0,0,4
"227",24,6,0,30,7.7321,0,0,4
"228",27,3,0,30,11.6774,0,0,4
"229",30,0,0,30,10.6835,0,0,3
"230",12,0,0,12,6.3446,0,1,2
"231",24,0,0,24,9.9686,0,1,2
"232",24,0,0,24,8.2567,0,1,2
"233",24,0,0,24,7.2954,0,1,2
"234",22,7,3,32,10.207,0,0,4
"235",26,6,0,32,9.3445,0,0,4
"236",18,8,6,32,10.0643,0,0,5
"237",15,0,0,15,7.0943,0,1,3
"238",25,6,0,31,10.9425,0,0,4
"239",21,9,0,30,12.2274,0,0,4
"240",18,11,3,32,11.3697,0,0,3
"241",15,0,0,15,7.3915,0,1,3
"242",27,3,0,30,9.313,0,0,4
"243",24,6,0,30,10.0479,0,0,3
"244",27,3,0,30,7.9425,0,0,4
"245",21,6,0,27,9.6309,0,1,3
"246",24,0,0,24,7.9849,0,1,2
"247",26,3,0,29,8.2251,0,1,3
"248",27,0,0,27,12.0312,0,1,3
"249",9,0,0,9,4.0652,0,1,1
"250",30,0,0,30,8.3498,0,0,3
"251",30,0,0,30,11.3923,0,0,3
"252",21,0,0,21,9.8015,0,1,2
"253",15,0,0,15,6.9788,0,1,3
"254",30,0,0,30,13.4109,0,0,3
"255",30,0,0,30,11.8751,0,0,3
"256",30,0,0,30,7.0185,0,0,3
"257",29,3,0,32,12.8558,0,0,4
"258",18,9,0,27,9.3518,0,1,4
"259",26,6,0,32,8.9355,0,0,4
"260",29,3,0,32,9.8996,0,0,3
"261",19,10,3,32,8.9786,0,0,4
"262",25,6,0,31,8.6409,0,0,4
"263",27,3,0,30,7.8302,0,0,4
"264",24,0,0,24,8.6488,0,1,3
"265",26,6,0,32,10.3871,0,0,4
"266",29,3,0,32,9.9817,0,0,4
"267",26,6,0,32,8.8503,0,0,4
"268",24,6,0,30,8.059,0,0,4
"269",32,0,0,32,7.4051,0,0,3
"270",31,0,0,31,11.9631,0,0,3
"271",29,3,0,32,11.5001,0,0,3
"272",26,6,0,32,11.0902,0,0,4
"273",21,9,0,30,12.5195,0,0,4
"274",21,9,0,30,11.3708,0,0,3
"275",30,0,0,30,7.2094,0,0,3
"276",27,3,0,30,6.3412,0,0,4
"277",24,0,0,24,8.4967,0,1,3
"278",27,0,0,27,9.0187,0,1,3
"279",27,3,0,30,10.5981,0,0,4
"280",16,10,6,32,11.2784,0,0,4
"281",26,3,0,29,9.591,0,1,4
"282",26,3,0,29,9.0479,0,1,4
"283",18,9,3,30,10.3459,0,0,5
"284",16,10,6,32,11.1924,0,0,5
"285",26,6,0,32,10.2617,0,0,4
"286",29,3,0,32,9.9948,0,0,3
"287",27,3,0,30,8.4658,0,0,3
"288",26,3,0,29,7.881,0,1,3
"289",21,6,0,27,8.5546,0,1,3
"290",15,0,0,15,6.9971,0,1,3
"291",27,3,0,30,8.9914,0,0,4
"292",26,6,0,32,9.9096,0,0,4
"293",16,3,0,19,8.0302,0,1,3
"294",29,3,0,32,11.8428,0,0,4
"295",28,3,0,31,11.0023,0,0,4
"296",27,3,0,30,9.175,0,0,4
"297",27,3,0,30,7.9949,0,0,4
"298",27,3,0,30,6.3284,0,0,4
"299",18,0,0,18,5.769,0,1,3
"300",28,3,0,31,8.0628,0,0,4
"301",30,0,0,30,11.2961,0,0,3
"302",29,3,0,32,9.7473,0,0,4
"303",21,9,0,30,11.3147,0,0,4
"304",25,6,0,31,10.6693,0,0,4
"305",29,3,0,32,7.0236,0,0,3
"306",21,6,0,27,10.6064,0,1,3
"307",24,0,0,24,8.8618,0,1,2
"308",29,3,0,32,11.1935,0,0,4
"309",29,3,0,32,8.3844,0,0,3
"310",23,6,3,32,8.6453,0,0,5
"311",23,6,3,32,7.2498,0,0,5
"312",21,9,0,30,10.6091,0,0,4
"313",30,0,0,30,11.8366,0,0,3
"314",29,3,0,32,13.1022,0,0,4
"315",27,0,0,27,8.0616,0,1,2
"316",30,0,0,30,7.6079,0,0,3
"317",26,3,3,32,8.4663,0,0,5
"318",23,6,3,32,9.1465,0,0,5
"319",20,9,3,32,8.0627,0,0,4
"320",27,0,0,27,10.6131,0,1,3
"321",26,6,0,32,10.0255,0,0,3
"322",32,0,0,32,8.1232,0,0,3
"323",29,3,0,32,8.4239,0,0,3
"324",24,0,0,24,8.8822,0,1,2
"325",29,0,0,29,9.5517,0,1,2
"326",18,8,6,32,11.3386,0,0,5
"327",25,4,3,32,9.1422,0,0,5
"328",30,0,0,30,6.8068,0,0,3
"329",26,6,0,32,8.3996,0,0,4
"330",24,6,0,30,10.6588,0,0,3
"331",18,9,0,27,11.895,0,1,4
"332",23,0,0,23,8.347,0,1,3
"333",29,3,0,32,10.0615,0,0,4
"334",27,3,0,30,9.3587,0,0,4
"335",29,3,0,32,7.8581,0,0,4
"336",27,3,0,30,7.4084,0,0,4
"337",25,4,3,32,7.2228,0,0,5
"338",26,6,0,32,10.7013,0,0,4
"339",21,7,3,31,9.1303,0,0,4
"340",20,7,3,30,7.4858,0,0,4
"341",26,6,0,32,7.62,0,0,4
"342",25,6,0,31,8.741,0,0,4
"343",25,6,0,31,7.354,0,0,4
"344",18,11,3,32,9.4452,0,0,5
"345",16,12,3,31,8.1811,0,0,5
"346",28,3,0,31,6.7051,0,0,4
"347",27,3,0,30,12.1033,0,0,4
"348",23,6,3,32,10.5941,0,0,5
"349",18,11,3,32,9.5927,0,0,5
"350",21,8,3,32,7.7648,0,0,5
"351",27,3,0,30,13.4145,0,0,4
"352",26,6,0,32,13.1583,0,0,3
"353",23,6,3,32,10.1041,0,0,5
"354",21,6,3,30,8.9433,0,0,5
"355",26,6,0,32,8.7791,0,0,4
"356",30,0,0,30,10.4223,0,0,3
"357",27,0,0,27,10.0207,0,1,3
"358",27,3,0,30,10.392,0,0,3
"359",20,3,0,23,8.7425,0,1,4
"360",29,3,0,32,10.2915,0,0,4
"361",18,12,0,30,11.64,0,0,4
"362",28,3,0,31,10.4449,0,0,4
"363",27,3,0,30,9.5679,0,0,4
"364",30,0,0,30,9.702,0,0,3
"365",26,6,0,32,14.4215,0,0,3
"366",26,6,0,32,10.1438,0,0,4
"367",32,0,0,32,8.2914,0,0,3
"368",25,6,0,31,9.8908,0,0,3
"369",12,0,0,12,5.387,0,1,2
"370",26,6,0,32,8.9286,0,0,4
"371",23,9,0,32,9.8797,0,0,3
"372",30,0,0,30,8.3538,0,0,3
"373",12,0,0,12,5.7118,0,1,2
"374",22,7,3,32,10.7583,0,0,4
"375",22,7,3,32,9.5066,0,0,4
"376",25,3,0,28,9.0312,0,1,3
"377",28,3,0,31,7.8553,0,0,3
"378",26,6,0,32,7.3637,0,0,4
"379",20,6,6,32,7.6406,0,0,4
"380",27,0,0,27,9.2927,0,1,3
"381",27,3,0,30,10.1954,0,0,3
"382",27,3,0,30,8.7162,0,0,3
"383",15,0,0,15,7.602,0,1,3
"384",27,3,0,30,10.1574,0,0,4
"385",29,3,0,32,9.2643,0,0,4
"386",27,3,0,30,7.8498,0,0,4
"387",30,0,0,30,11.9471,0,0,2
"388",30,0,0,30,12.2368,0,0,3
"389",29,0,0,29,10.6518,0,1,3
"390",26,6,0,32,11.1122,0,0,4
"391",29,3,0,32,13.2283,0,0,4
"392",21,8,3,32,14.312,0,0,5
"393",16,10,6,32,13.0111,0,0,6
"394",18,9,3,30,9.7175,0,0,4
"395",26,6,0,32,9.4643,0,0,4
"396",21,8,3,32,11.4132,0,0,5
"397",18,9,3,30,10.4297,0,0,5
"398",26,6,0,32,10.2222,0,0,4
"399",29,0,0,29,9.355,0,1,3
"400",30,0,0,30,10.4347,0,0,3
"401",12,0,0,12,6.2201,0,1,2
"402",25,0,0,25,11.0291,0,1,2
"403",30,0,0,30,9.0944,0,0,2
"404",20,9,3,32,8.4265,0,0,4
"405",27,0,0,27,6.846,0,1,3
"406",30,0,0,30,12.4371,0,0,2
"407",30,0,0,30,11.6641,0,0,2
"408",21,0,0,21,9.3092,0,1,3
"409",30,0,0,30,9.2682,0,0,3
"410",26,0,0,26,6.9672,0,1,3
"411",9,0,0,9,4.559,0,1,1
"412",30,0,0,30,8.1145,0,0,3
"413",29,3,0,32,12.7282,0,0,3
"414",26,6,0,32,11.2422,0,0,4
"415",30,0,0,30,6.9427,0,0,3
"416",18,9,0,27,10.2034,0,1,4
"417",26,6,0,32,9.6864,0,0,4
"418",21,6,3,30,9.9694,0,0,4
"419",20,9,3,32,8.9727,0,0,4
"420",26,6,0,32,9.264,0,0,4
"421",30,0,0,30,10.1337,0,0,3
"422",18,11,3,32,9.2775,0,0,5
"423",21,8,3,32,12.0957,0,0,4
"424",30,0,0,30,9.9059,0,0,3
"425",27,3,0,30,9.9118,0,0,3
"426",27,3,0,30,6.5474,0,0,4
"427",29,3,0,32,6.1817,0,0,3
"428",30,0,0,30,9.5806,0,0,3
"429",12,0,0,12,5.3989,0,1,2
"430",27,3,0,30,9.1498,0,0,4
"431",29,3,0,32,6.8503,0,0,3
"432",29,3,0,32,7.9347,0,0,4
"433",29,3,0,32,8.8489,0,0,4
"434",21,7,3,31,13.2948,0,0,5
"435",21,7,3,31,10.6771,0,0,4
"436",22,7,3,32,8.1132,0,0,5
"437",20,9,3,32,8.9046,0,0,4
"438",29,3,0,32,8.3778,0,0,4
"439",21,8,3,32,10.5605,0,0,5
"440",27,3,0,30,7.5359,0,0,4
"441",27,3,0,30,9.5944,0,0,4
"442",29,3,0,32,9.2707,0,0,4
"443",26,6,0,32,7.0636,0,0,4
"444",27,3,0,30,7.8724,0,0,4
"445",18,9,3,30,10.9814,0,0,4
"446",21,6,3,30,9.1948,0,0,4
"447",25,6,0,31,8.5863,0,0,3
"448",23,9,0,32,10.657,0,0,3
"449",28,3,0,31,10.5843,0,0,4
"450",27,3,0,30,10.3012,0,0,3
"451",28,3,0,31,7.8762,0,0,4
"452",19,9,0,28,10.7885,0,1,4
"453",26,0,0,26,9.9568,0,1,3
"454",26,6,0,32,9.7614,0,0,4
"455",18,10,3,31,11.6645,0,0,4
"456",23,9,0,32,9.7288,0,0,4
"457",25,6,0,31,8.4314,0,0,3
"458",26,6,0,32,12.8002,0,0,3
"459",30,0,0,30,7.2538,0,0,3
"460",20,0,0,20,8.8533,0,1,2
"461",15,0,0,15,7.1099,0,1,2
"462",9,0,0,9,3.79,0,1,1
"463",25,6,0,31,11.97,0,0,4
"464",25,6,0,31,10.1625,0,0,4
"465",23,9,0,32,9.7946,0,0,4
"466",24,0,0,24,7.1764,0,1,3
"467",24,0,0,24,6.7164,0,1,3
"468",32,0,0,32,7.7087,0,0,3
"469",30,0,0,30,10.4153,0,0,3
"470",27,3,0,30,10.5014,0,0,4
"471",18,9,3,30,7.4828,0,0,4
"472",18,11,3,32,7.8613,0,0,3
"473",27,3,0,30,6.3922,0,0,3
"474",15,0,0,15,7.7421,0,1,3
"475",27,3,0,30,10.6357,0,0,4
"476",29,3,0,32,8.6269,0,0,4
"477",27,3,0,30,11.4527,0,0,4
"478",29,3,0,32,7.7842,0,0,4
"479",31,0,0,31,10.6597,0,0,2
"480",25,0,0,25,10.6923,0,1,3
"481",26,0,0,26,9.1415,0,1,2
"482",26,6,0,32,8.7854,0,0,4
"483",26,6,0,32,8.6949,0,0,4
"484",18,11,3,32,10.6586,0,0,5
"485",29,3,0,32,10.6118,0,0,3
"486",29,3,0,32,9.8647,0,0,3
"487",26,6,0,32,8.354,0,0,4
"488",14,12,6,32,8.4013,0,0,5
"489",26,6,0,32,8.1955,0,0,4
"490",26,6,0,32,7.5977,0,0,4
"491",17,12,3,32,7.9082,0,0,5
"492",26,3,3,32,7.03,0,0,5
"493",29,3,0,32,5.8499,0,0,4
"494",29,3,0,32,6.1672,0,0,4
"495",29,3,0,32,7.1899,0,0,4
"496",29,3,0,32,7.6808,0,0,4
"497",29,3,0,32,6.1035,0,0,3
"498",24,0,0,24,8.9572,0,1,2
"499",15,0,0,15,6.93,0,1,2
"500",29,3,0,32,9.2955,0,0,4
"501",21,8,3,32,15.0339,0,0,4
"502",24,6,0,30,10.8135,0,0,4
"503",29,3,0,32,13.3806,0,0,4
"504",24,5,3,32,10.7487,0,0,5
"505",21,8,3,32,10.1616,0,0,5
"506",21,8,3,32,8.7376,0,0,5
"507",29,3,0,32,8.6349,0,0,4
"508",26,6,0,32,12.4446,0,0,4
"509",26,6,0,32,8.8876,0,0,4
"510",17,12,3,32,9.1804,0,0,4
"511",24,0,0,24,8.4806,0,1,3
"512",24,0,0,24,8.4253,0,1,3
"513",26,6,0,32,6.8761,0,0,4
"514",30,0,0,30,6.1565,0,0,3
"515",26,6,0,32,8.4996,0,0,4
"516",32,0,0,32,8.5708,0,0,3
"517",27,3,0,30,9.0681,0,0,4
"518",27,3,0,30,7.8168,0,0,3
"519",16,7,9,32,11.1024,0,0,5
"520",23,9,0,32,9.9875,0,0,3
"521",13,0,0,13,3.1732,1,0,2
"522",20,6,6,32,13.0137,0,0,4
"523",18,8,6,32,12.0639,0,0,4
"524",21,6,3,30,10.6166,0,0,4
"525",30,0,0,30,11.7972,0,0,2
"526",18,9,0,27,10.9542,0,1,4
"527",24,0,0,24,9.2178,0,1,3
"528",16,8,6,30,9.4781,0,0,5
"529",26,6,0,32,8.9139,0,0,4
"530",28,3,0,31,8.744,0,0,4
"531",29,3,0,32,7.4551,0,0,4
"532",26,6,0,32,7.5813,0,0,4
"533",24,0,0,24,8.1982,0,1,3
"534",26,6,0,32,9.9549,0,0,4
"535",26,6,0,32,8.2202,0,0,4
"536",26,6,0,32,9.0666,0,0,4
"537",19,10,3,32,10.6955,0,0,5
"538",16,11,3,30,9.7085,0,0,5
"539",24,5,3,32,9.9206,0,0,5
"540",21,8,3,32,7.4909,0,0,5
"541",28,3,0,31,9.3415,0,0,3
"542",14,15,3,32,9.5884,0,0,4
"543",29,3,0,32,8.5691,0,0,3
"544",18,9,0,27,10.4652,0,1,4
"545",27,3,0,30,9.7785,0,0,4
"546",23,9,0,32,8.3142,0,0,4
"547",26,6,0,32,7.1294,0,0,4
"548",27,3,0,30,10.1408,0,0,3
"549",28,0,0,28,9.371,0,1,3
"550",18,10,3,31,8.8659,0,0,4
"551",16,12,0,28,11.844,0,1,4
"552",24,0,0,24,10.6635,0,1,3
"553",27,0,0,27,9.0533,0,1,3
"554",29,3,0,32,9.6902,0,0,3
"555",24,3,0,27,8.0021,0,1,4
"556",27,0,0,27,8.9414,0,1,3
"557",30,0,0,30,12.3063,0,0,3
"558",30,0,0,30,11.2189,0,0,2
"559",30,0,0,30,9.023,0,0,3
"560",27,0,0,27,9.657,0,1,3
"561",24,0,0,24,7.9921,0,1,3
"562",20,9,3,32,8.8623,0,0,4
"563",18,10,3,31,8.1547,0,0,4
"564",27,3,0,30,8.5368,0,0,4
"565",28,3,0,31,8.7615,0,0,4
"566",28,3,0,31,7.9404,0,0,4
"567",27,3,0,30,12.412,0,0,4
"568",30,0,0,30,6.7817,0,0,3
"569",21,6,3,30,10.002,0,0,4
"570",29,3,0,32,7.9045,0,0,4
"571",21,8,3,32,10.2646,0,0,5
"572",29,3,0,32,7.3916,0,0,3
"573",21,8,3,32,8.8877,0,0,5
"574",30,0,0,30,5.8098,0,0,3
"575",29,3,0,32,7.1076,0,0,3
"576",27,3,0,30,9.2025,0,0,4
"577",26,6,0,32,10.2126,0,0,4
"578",21,8,3,32,9.9837,0,0,5
"579",26,6,0,32,7.2469,0,0,4
"580",21,3,0,24,10.1161,0,1,4
"581",27,3,0,30,9.6676,0,0,4
"582",27,3,0,30,10.1289,0,0,4
"583",30,0,0,30,6.8388,0,0,3
"584",28,3,0,31,7.981,0,0,4
"585",26,6,0,32,6.944,0,0,4
"586",21,8,3,32,10.7184,0,0,4
"587",18,10,3,31,9.1963,0,0,4
"588",28,3,0,31,8.2636,0,0,3
"589",18,11,3,32,10.557,0,0,5
"590",26,3,3,32,10.0805,0,0,5
"591",17,12,3,32,8.4648,0,0,5
"592",29,3,0,32,9.7509,0,0,4
"593",27,3,0,30,8.8192,0,0,4
"594",30,0,0,30,6.3236,0,0,3
"595",18,9,0,27,9.0918,0,1,4
"596",15,0,0,15,7.2057,0,1,3
"597",27,3,0,30,10.2522,0,0,4
"598",25,4,3,32,10.0111,0,0,4
"599",24,5,3,32,9.4698,0,0,4
"600",30,0,0,30,8.8299,0,0,3
"601",30,0,0,30,6.9182,0,0,3
"602",19,3,0,22,7.2471,0,1,3
"603",27,0,0,27,9.6533,0,1,3
"604",22,7,3,32,7.7961,0,0,4
"605",27,3,0,30,5.5996,0,0,4
"606",29,3,0,32,7.5649,0,0,4
"607",18,9,3,30,8.0602,0,0,4
"608",26,6,0,32,7.7387,0,0,3
"609",24,0,0,24,8.3375,0,1,2
"610",21,0,0,21,9.1255,0,1,2
"611",29,3,0,32,10.3721,0,0,4
"612",29,3,0,32,8.9132,0,0,4
"613",29,3,0,32,9.5988,0,0,4
"614",27,3,0,30,9.0046,0,0,4
"615",26,6,0,32,10.2146,0,0,4
"616",26,6,0,32,8.5344,0,0,4
"617",17,9,6,32,8.955,0,0,5
"618",18,9,3,30,7.649,0,0,5
"619",30,0,0,30,8.4345,0,0,3
"620",29,3,0,32,8.4163,0,0,4
"621",30,0,0,30,5.8452,0,0,2
"622",29,3,0,32,7.54,0,0,4
"623",17,15,0,32,12.7331,0,0,4
"624",24,6,0,30,10.4264,0,0,3
"625",26,6,0,32,9.4031,0,0,4
"626",29,3,0,32,12.2407,0,0,4
"627",23,6,3,32,13.6731,0,0,4
"628",18,11,3,32,12.6257,0,0,4
"629",21,5,6,32,13.0074,0,0,5
"630",17,11,3,31,10.6205,0,0,3
"631",17,11,3,31,11.2083,0,0,3
"632",29,3,0,32,10.2233,0,0,4
"633",22,7,3,32,8.8582,0,0,4
"634",16,3,0,19,6.7821,0,1,3
"635",26,6,0,32,8.4439,0,0,4
"636",24,0,0,24,8.98,0,1,3
"637",26,3,3,32,10.4696,0,0,4
"638",20,7,3,30,9.2608,0,0,4
"639",26,6,0,32,9.4341,0,0,4
"640",27,3,0,30,5.8538,0,0,3
"641",29,3,0,32,7.501,0,0,3
"642",26,6,0,32,10.4817,0,0,4
"643",21,8,3,32,11.5503,0,0,5
"644",17,12,3,32,8.0442,0,0,4
"645",29,3,0,32,7.6118,0,0,3
"646",18,4,10,32,11.6328,0,0,5
"647",28,3,0,31,8.0838,0,0,4
"648",25,4,3,32,7.6856,0,0,5
"649",21,3,0,24,8.5831,0,1,3
"650",18,3,0,21,6.9159,0,1,3
"651",28,3,0,31,10.8282,0,0,3
"652",30,0,0,30,11.0836,0,0,3
"653",22,7,3,32,7.3676,0,0,4
"654",30,0,0,30,11.516,0,0,3
"655",26,6,0,32,8.73,0,0,4
"656",26,6,0,32,8.632,0,0,4
"657",30,0,0,30,8.8312,0,0,3
"658",29,3,0,32,6.9047,0,0,3
"659",24,6,0,30,9.2046,0,0,3
"660",27,3,0,30,8.7298,0,0,4
"661",28,3,0,31,10.5619,0,0,3
"662",28,3,0,31,10.6923,0,0,3
"663",19,8,3,30,10.0586,0,0,5
"664",18,11,3,32,10.1289,0,0,5
"665",26,3,0,29,8.9691,0,1,4
"666",29,3,0,32,8.1562,0,0,4
"667",29,3,0,32,8.0365,0,0,3
"668",21,8,3,32,7.7286,0,0,5
"669",27,3,0,30,8.0555,0,0,3
"670",28,3,0,31,9.3982,0,0,4
"671",18,11,3,32,9.3116,0,0,4
"672",18,11,3,32,10.3829,0,0,4
"673",29,3,0,32,8.7295,0,0,4
"674",29,3,0,32,9.2981,0,0,4
"675",18,7,6,31,12.3221,0,0,4
"676",21,3,0,24,9.7192,0,1,4
"677",32,0,0,32,8.9645,0,0,3
"678",29,3,0,32,10.6287,0,0,4
"679",29,3,0,32,9.7508,0,0,4
"680",18,11,3,32,8.9609,0,0,5
"681",30,0,0,30,7.4246,0,0,3
"682",26,6,0,32,11.3156,0,0,4
"683",25,4,3,32,9.1154,0,0,5
"684",20,6,6,32,9.3151,0,0,5
"685",20,8,3,31,9.2825,0,0,4
"686",29,3,0,32,10.7621,0,0,3
"687",27,0,0,27,11.3081,0,1,3
"688",30,0,0,30,7.9792,0,0,3
"689",18,8,6,32,11.3726,0,0,4
"690",24,6,0,30,10.7008,0,0,3
"691",21,6,0,27,9.8897,0,1,3
"692",29,3,0,32,11.6921,0,0,4
"693",26,3,0,29,10.3608,0,1,4
"694",23,3,0,26,9.5376,0,1,3
"695",23,0,0,23,7.8427,0,1,3
"696",18,8,6,32,11.0006,0,0,4
"697",15,11,6,32,10.0077,0,0,4
"698",23,9,0,32,8.8231,0,0,4
"699",29,3,0,32,8.9898,0,0,4
"700",18,11,3,32,9.914,0,0,5
"701",18,11,3,32,8.7159,0,0,5
"702",21,9,0,30,12.3505,0,0,3
"703",21,9,0,30,12.3991,0,0,3
"704",20,9,0,29,10.7794,0,1,3
"705",28,0,0,28,10.1004,0,1,2
"706",21,8,3,32,8.7511,0,0,4
"707",25,0,0,25,6.8613,0,1,2
"708",21,8,3,32,10.4747,0,0,5
"709",26,6,0,32,9.4806,0,0,4
"710",9,0,0,9,4.1016,0,1,1
"711",27,3,0,30,9.4008,0,0,3
"712",27,3,0,30,8.0485,0,0,3
"713",18,0,0,18,6.4182,0,1,2
"714",15,0,0,15,5.2691,0,1,2
"715",27,3,0,30,10.571,0,0,4
"716",29,3,0,32,10.281,0,0,4
"717",28,3,0,31,9.0987,0,0,3
"718",28,3,0,31,7.4389,0,0,4
"719",12,12,8,32,12.6412,0,0,6
"720",28,3,0,31,7.4542,0,0,4
"721",16,11,3,30,9.4286,0,0,5
"722",24,5,3,32,7.8721,0,0,5
"723",27,3,0,30,8.1992,0,0,4
"724",26,3,0,29,9.2441,0,1,3
"725",26,3,0,29,7.8608,0,1,3
"726",27,0,0,27,10.5362,0,1,3
"727",18,11,3,32,10.7742,0,0,5
"728",28,3,0,31,9.6494,0,0,4
"729",30,0,0,30,6.3846,0,0,3
"730",27,3,0,30,8.2802,0,0,4
"731",26,6,0,32,11.4412,0,0,4
"732",18,9,0,27,10.5687,0,1,4
"733",27,3,0,30,11.8742,0,0,4
"734",17,8,6,31,9.3535,0,0,5
"735",11,12,9,32,10.9851,0,0,5
"736",14,12,6,32,9.4077,0,0,5
"737",26,6,0,32,8.4306,0,0,4
"738",27,3,0,30,6.014,0,0,4
"739",21,9,0,30,11.3991,0,0,3
"740",16,9,3,28,8.9922,0,1,3
"741",27,3,0,30,9.1326,0,0,4
"742",18,0,0,18,5.6271,0,1,3
"743",30,0,0,30,10.5515,0,0,3
"744",30,0,0,30,10.7048,0,0,3
"745",27,3,0,30,10.595,0,0,4
"746",27,3,0,30,10.4771,0,0,4
"747",30,0,0,30,9.7152,0,0,3
"748",27,3,0,30,6.9523,0,0,4
"749",20,0,0,20,5.3305,0,1,3
"750",27,3,0,30,7.6863,0,0,3
"751",29,3,0,32,7.7166,0,0,3
"752",32,0,0,32,8.3888,0,0,3
"753",21,6,0,27,11.017,0,1,4
"754",26,6,0,32,8.6755,0,0,4
"755",18,9,0,27,10.6521,0,1,4
"756",25,6,0,31,7.4628,0,0,4
"757",24,0,0,24,8.3561,0,1,3
"758",30,0,0,30,9.2528,0,0,3
"759",25,6,0,31,6.992,0,0,4
"760",32,0,0,32,6.6564,0,0,3
"761",24,0,0,24,8.291,0,1,3
"762",30,0,0,30,9.5661,0,0,2
"763",26,6,0,32,10.2363,0,0,4
"764",26,6,0,32,9.3428,0,0,4
"765",30,0,0,30,8.1905,0,0,3
"766",29,3,0,32,10.7439,0,0,4
"767",31,0,0,31,8.9284,0,0,3
"768",27,3,0,30,7.9304,0,0,3
"769",17,12,3,32,9.7295,0,0,5
"770",18,10,3,31,10.1039,0,0,4
"771",28,3,0,31,9.3793,0,0,4
"772",15,9,8,32,8.0415,0,0,5
"773",21,8,3,32,7.4973,0,0,5
"774",23,6,3,32,7.6427,0,0,5
"775",29,3,0,32,5.7157,0,0,4
"776",29,3,0,32,11.3437,0,0,4
"777",15,11,6,32,9.0418,0,0,4
"778",25,6,0,31,7.8018,0,0,3
"779",29,3,0,32,11.55,0,0,4
"780",27,3,0,30,9.7754,0,0,4
"781",21,8,3,32,12.9033,0,0,5
"782",25,6,0,31,9.6117,0,0,4
"783",26,6,0,32,7.5662,0,0,4
"784",18,11,3,32,8.7218,0,0,5
"785",18,11,3,32,7.7503,0,0,4
"786",26,6,0,32,7.9021,0,0,3
"787",29,3,0,32,9.1755,0,0,4
"788",19,9,3,31,7.5085,0,0,5
"789",19,7,6,32,7.993,0,0,5
"790",27,3,0,30,8.6096,0,0,4
"791",25,6,0,31,8.6991,0,0,4
"792",25,6,0,31,8.1857,0,0,4
"793",26,6,0,32,10.5045,0,0,4
"794",26,6,0,32,8.6325,0,0,4
"795",14,7,11,32,9.9279,0,0,5
"796",18,8,6,32,8.3773,0,0,5
"797",18,11,3,32,9.1486,0,0,4
"798",27,3,0,30,8.1882,0,0,4
"799",26,6,0,32,7.3535,0,0,4
"800",30,0,0,30,9.9554,0,0,3
"801",21,6,0,27,9.8884,0,1,3
"802",24,0,0,24,8.7316,0,1,3
"803",30,0,0,30,7.1331,0,0,3
"804",30,0,0,30,9.0149,0,0,3
"805",27,3,0,30,8.9688,0,0,4
"806",27,3,0,30,9.4271,0,0,4
"807",12,0,0,12,5.3112,0,1,2
"808",26,6,0,32,9.1457,0,0,4
"809",26,6,0,32,8.8807,0,0,4
"810",23,6,3,32,8.1849,0,0,5
"811",23,0,0,23,10.301,0,1,3
"812",26,6,0,32,14.0615,0,0,3
"813",27,3,0,30,12.3763,0,0,4
"814",18,9,0,27,9.0205,0,1,4
"815",18,9,0,27,9.1262,0,1,4
"816",26,6,0,32,8.8967,0,0,4
"817",24,6,0,30,7.4987,0,0,4
"818",26,6,0,32,9.6647,0,0,4
"819",29,3,0,32,6.9864,0,0,4
"820",29,3,0,32,9.1979,0,0,4
"821",30,0,0,30,6.3571,0,0,3
"822",26,3,0,29,7.3675,0,1,4
"823",27,3,0,30,10.1099,0,0,4
"824",30,0,0,30,9.0595,0,0,3
"825",24,0,0,24,8.4265,0,1,3
"826",9,14,9,32,11.4372,0,0,5
"827",18,11,3,32,10.3037,0,0,5
"828",27,3,0,30,8.5847,0,0,4
"829",18,11,3,32,9.8293,0,0,3
"830",18,10,3,31,10.2115,0,0,4
"831",22,7,3,32,9.0964,0,0,5
"832",26,6,0,32,9.0969,0,0,3
"833",21,6,0,27,9.3748,0,1,3
"834",30,0,0,30,11.3472,0,0,3
"835",30,0,0,30,9.0729,0,0,3
"836",27,3,0,30,7.2454,0,0,4
"837",26,6,0,32,10.4282,0,0,4
"838",24,6,0,30,9.3291,0,0,4
"839",23,9,0,32,8.8611,0,0,4
"840",26,6,0,32,7.4601,0,0,4
"841",25,0,0,25,7.9821,0,1,2
"842",29,3,0,32,8.0478,0,0,3
"843",27,3,0,30,10.1985,0,0,4
"844",29,3,0,32,10.6369,0,0,4
"845",27,3,0,30,9.6575,0,0,4
"846",30,0,0,30,8.4684,0,0,3
"847",30,0,0,30,6.373,0,0,3
"848",26,6,0,32,8.4044,0,0,3
"849",15,0,0,15,6.0189,0,1,3
"850",29,3,0,32,9.7913,0,0,4
"851",30,0,0,30,7.3747,0,0,3
"852",18,11,3,32,8.8297,0,0,5
"853",18,9,3,30,10.5155,0,0,4
"854",21,9,0,30,9.1891,0,0,3
"855",30,0,0,30,9.6877,0,0,2
"856",26,6,0,32,9.0904,0,0,3
"857",32,0,0,32,7.0324,0,0,2
"858",30,0,0,30,10.0531,0,0,3
"859",18,11,3,32,11.9249,0,0,4
"860",19,3,0,22,10.2751,0,1,3
"861",27,0,0,27,12.2453,0,1,3
"862",27,0,0,27,8.8693,0,1,3
"863",18,10,3,31,8.5841,0,0,4
"864",23,9,0,32,9.8979,0,0,3
"865",18,9,0,27,8.6451,0,1,4
"866",24,0,0,24,7.0592,0,1,3
"867",27,0,0,27,9.3999,0,1,3
"868",29,3,0,32,10.2443,0,0,4
"869",27,3,0,30,7.4922,0,0,4
"870",12,12,6,30,11.7338,0,0,4
"871",9,15,6,30,11.7444,0,0,4
"872",23,6,0,29,10.8334,0,1,3
"873",29,3,0,32,10.7191,0,0,3
"874",30,0,0,30,9.2729,0,0,3
"875",17,12,3,32,8.7405,0,0,3
"876",27,3,0,30,8.1015,0,0,3
"877",26,6,0,32,8.5874,0,0,3
"878",26,0,0,26,10.7457,0,1,3
"879",26,6,0,32,11.5249,0,0,4
"880",26,6,0,32,11.2387,0,0,4
"881",26,6,0,32,10.2795,0,0,4
"882",26,6,0,32,8.9919,0,0,4
"883",26,3,3,32,8.3343,0,0,5
"884",26,6,0,32,9.1634,0,0,4
"885",15,0,0,15,6.2871,0,1,2
"886",24,0,0,24,8.4012,0,1,3
"887",26,0,0,26,7.6751,0,1,3
"888",9,0,0,9,3.6175,0,1,1
"889",27,3,0,30,10.7153,0,0,4
"890",26,3,3,32,8.4386,0,0,4
"891",23,4,3,30,7.5971,0,0,4
"892",18,11,3,32,8.5188,0,0,4
"893",26,6,0,32,8.7107,0,0,4
"894",9,12,9,30,9.4927,0,0,5
"895",18,9,0,27,8.4516,0,1,4
"896",18,11,3,32,10.579,0,0,5
"897",26,3,3,32,9.529,0,0,5
"898",29,3,0,32,7.4553,0,0,4
"899",28,3,0,31,11.0632,0,0,3
"900",30,0,0,30,9.3703,0,0,3
"901",24,0,0,24,8.1739,0,1,3
"902",30,0,0,30,9.5145,0,0,3
"903",18,10,3,31,10.4894,0,0,3
"904",21,6,0,27,10.1351,0,1,3
"905",30,0,0,30,8.6911,0,0,2
"906",29,3,0,32,12.5497,0,0,4
"907",29,3,0,32,12.6725,0,0,4
"908",26,6,0,32,11.7159,0,0,4
"909",29,3,0,32,11.3194,0,0,4
"910",24,6,0,30,8.492,0,0,4
"911",32,0,0,32,7.693,0,0,3
"912",18,9,0,27,10.3732,0,1,4
"913",26,6,0,32,9.3062,0,0,3
"914",21,9,0,30,11.7822,0,0,4
"915",18,9,0,27,10.3029,0,1,4
"916",26,6,0,32,8.0227,0,0,4
"917",23,9,0,32,8.9253,0,0,4
"918",18,9,3,30,10.9785,0,0,4
"919",26,6,0,32,8.0868,0,0,4
"920",24,0,0,24,7.6586,0,1,3
"921",21,0,0,21,6.487,0,1,2
"922",25,6,0,31,7.2197,0,0,4
"923",18,9,0,27,8.3629,0,1,4
"924",26,6,0,32,6.3385,0,0,4
"925",28,3,0,31,8.8656,0,0,4
"926",26,6,0,32,8.4313,0,0,4
"927",26,6,0,32,7.0778,0,0,4
"928",30,0,0,30,11.1578,0,0,3
"929",32,0,0,32,8.5024,0,0,3
"930",29,3,0,32,10.4551,0,0,4
"931",26,6,0,32,10.226,0,0,4
"932",26,6,0,32,9.4803,0,0,3
"933",30,0,0,30,9.8681,0,0,3
"934",30,0,0,30,7.3915,0,0,2
"935",26,6,0,32,12.6438,0,0,4
"936",30,0,0,30,7.8794,0,0,3
"937",27,3,0,30,10.0453,0,0,4
"938",22,7,3,32,9.7333,0,0,5
"939",28,3,0,31,11.8454,0,0,4
"940",29,3,0,32,12.3202,0,0,4
"941",22,9,0,31,10.3291,0,0,4
"942",27,3,0,30,8.2159,0,0,4
"943",26,6,0,32,7.7551,0,0,4
"944",21,8,3,32,9.7185,0,0,5
"945",25,4,3,32,6.7982,0,0,5
"946",27,3,0,30,8.06,0,0,4
"947",27,3,0,30,8.4757,0,0,4
"948",29,3,0,32,6.1631,0,0,4
"949",29,3,0,32,9.216,0,0,4
"950",29,3,0,32,9.7701,0,0,4
"951",26,3,0,29,8.3998,0,1,3
"952",27,3,0,30,7.8072,0,0,4
"953",26,6,0,32,6.7415,0,0,4
"954",18,10,3,31,10.1194,0,0,4
"955",19,9,0,28,9.6225,0,1,4
"956",29,3,0,32,8.3049,0,0,3
"957",29,3,0,32,7.8166,0,0,3
"958",32,0,0,32,10.3557,0,0,3
"959",9,12,9,30,10.5706,0,0,5
"960",18,10,3,31,10.1504,0,0,4
"961",22,7,3,32,9.2918,0,0,4
"962",23,6,3,32,7.8938,0,0,4
"963",32,0,0,32,11.7686,0,0,3
"964",27,3,0,30,10.1511,0,0,3
"965",27,3,0,30,8.8061,0,0,3
"966",27,3,0,30,7.9222,0,0,3
"967",24,0,0,24,8.8938,0,1,2
"968",25,6,0,31,7.8616,0,0,4
"969",26,6,0,32,7.2538,0,0,4
"970",31,0,0,31,11.7028,0,0,2
"971",27,0,0,27,10.9758,0,1,2
"972",30,0,0,30,10.1402,0,0,3
"973",30,0,0,30,9.2756,0,0,3
"974",21,0,0,21,7.714,0,1,2
"975",28,3,0,31,10.595,0,0,3
"976",21,3,0,24,11.4732,0,1,3
"977",26,6,0,32,12.2031,0,0,4
"978",26,6,0,32,11.5862,0,0,4
"979",26,6,0,32,10.1067,0,0,4
"980",27,0,0,27,9.0432,0,1,3
"981",26,6,0,32,9.1152,0,0,4
"982",27,3,0,30,9.0848,0,0,3
"983",23,6,3,32,7.8241,0,0,4
"984",27,3,0,30,6.2587,0,0,3
"985",32,0,0,32,9.4851,0,0,2
"986",16,13,3,32,7.826,0,0,4
"987",31,0,0,31,7.2686,0,0,2
"988",18,0,0,18,8.0756,0,1,3
"989",15,0,0,15,6.7873,0,1,2
"990",30,0,0,30,12.0739,0,0,3
"991",15,0,0,15,6.5882,0,1,3
"992",24,0,0,24,9.0924,0,1,3
"993",9,0,0,9,4.1285,0,1,1
"994",31,0,0,31,9.7085,0,0,2
"995",26,6,0,32,9.2915,0,0,3
"996",29,3,0,32,11.2694,0,0,3
"997",29,3,0,32,10.5593,0,0,3
"998",30,0,0,30,10.3217,0,0,3
"999",26,6,0,32,11.1435,0,0,3
"1000",27,3,0,30,9.5895,0,0,4
