"","N_under_dosing","N_MTD","N_over_dosing","Pts","Length","Safety_stop","Sufficient_info","MTD"
"1",20,8,3,31,10.8346,0,0,4
"2",25,6,0,31,10.2998,0,0,4
"3",22,7,3,32,10.3392,0,0,5
"4",19,10,3,32,8.7863,0,0,5
"5",17,12,3,32,7.3865,0,0,5
"6",22,7,3,32,8.164,0,0,4
"7",28,0,0,28,10.2257,0,1,3
"8",25,0,0,25,8.5953,0,1,3
"9",26,6,0,32,11.7996,0,0,3
"10",21,0,0,21,7.3305,0,1,3
"11",12,0,0,12,5.216,0,1,2
"12",30,0,0,30,10.7995,0,0,2
"13",9,0,0,9,4.0968,0,1,1
"14",26,6,0,32,9.1145,0,0,4
"15",24,0,0,24,9.3492,0,1,3
"16",9,0,0,9,4.6824,0,1,1
"17",32,0,0,32,9.5623,0,0,3
"18",27,0,0,27,9.0226,0,1,3
"19",24,0,0,24,7.4239,0,1,3
"20",32,0,0,32,8.7403,0,0,2
"21",30,0,0,30,11.1901,0,0,2
"22",30,0,0,30,9.188,0,0,3
"23",9,0,0,9,4.3645,0,1,1
"24",30,0,0,30,10.5304,0,0,3
"25",31,0,0,31,9.4958,0,0,3
"26",31,0,0,31,10.0938,0,0,3
"27",28,3,0,31,9.3584,0,0,3
"28",30,0,0,30,11.1983,0,0,2
"29",30,0,0,30,9.8241,0,0,2
"30",30,0,0,30,9.8243,0,0,1
"31",27,0,0,27,9.4386,0,1,2
"32",9,0,0,9,3.499,0,1,1
"33",22,0,0,22,8.8646,0,1,1
"34",19,0,0,19,6.954,0,1,1
"35",9,0,0,9,3.6375,0,1,1
"36",9,0,0,9,3.3925,0,1,1
"37",9,0,0,9,5.4438,0,1,1
"38",24,0,0,24,11.7343,0,1,2
"39",29,3,0,32,10.2451,0,0,3
"40",30,0,0,30,7.2139,0,0,3
"41",30,0,0,30,7.4251,0,0,3
"42",24,0,0,24,9.8765,0,1,2
"43",13,0,0,13,3.6424,1,0,1
"44",26,3,3,32,8.0896,0,0,5
"45",29,3,0,32,11.5498,0,0,3
"46",28,3,0,31,10.695,0,0,3
"47",26,3,0,29,9.0673,0,1,4
"48",26,3,0,29,7.5787,0,1,4
"49",29,3,0,32,7.3595,0,0,3
"50",32,0,0,32,9.0127,0,0,3
"51",24,6,0,30,10.1999,0,0,4
"52",9,0,0,9,3.7763,0,1,1
"53",24,0,0,24,8.7728,0,1,3
"54",30,0,0,30,6.8969,0,0,3
"55",12,0,0,12,4.8713,0,1,2
"56",30,0,0,30,8.0314,0,0,2
"57",30,0,0,30,11.6895,0,0,3
"58",31,0,0,31,9.0544,0,0,3
"59",15,0,0,15,6.8045,0,1,3
"60",30,0,0,30,11.788,0,0,3
"61",18,0,0,18,7.193,0,1,3
"62",30,0,0,30,10.734,0,0,2
"63",30,0,0,30,10.5819,0,0,2
"64",24,0,0,24,8.3524,0,1,2
"65",30,0,0,30,13.2775,0,0,3
"66",26,6,0,32,9.7531,0,0,3
"67",9,0,0,9,4.1355,0,1,1
"68",9,0,0,9,3.5366,0,1,1
"69",26,6,0,32,7.8322,0,0,4
"70",24,0,0,24,7.1259,0,1,3
"71",21,0,0,21,6.3081,0,1,2
"72",22,0,0,22,6.8288,0,1,2
"73",21,0,0,21,7.8691,0,1,2
"74",30,0,0,30,11.6724,0,0,2
"75",18,0,0,18,6.601,0,1,3
"76",17,12,3,32,9.1751,0,0,4
"77",29,3,0,32,8.6695,0,0,3
"78",30,0,0,30,8.755,0,0,2
"79",30,0,0,30,10.6933,0,0,3
"80",18,0,0,18,7.9321,0,1,1
"81",9,0,0,9,4.2042,0,1,1
"82",9,0,0,9,3.624,0,1,1
"83",18,0,0,18,4.1824,0,1,1
"84",21,0,0,21,6.7418,0,1,2
"85",24,0,0,24,8.6214,0,1,3
"86",30,0,0,30,9.457,0,0,3
"87",30,0,0,30,10.044,0,0,2
"88",30,0,0,30,11.699,0,0,1
"89",30,0,0,30,10.5733,0,0,3
"90",30,0,0,30,11.1585,0,0,2
"91",30,0,0,30,6.8055,0,0,3
"92",21,0,0,21,4.8665,0,1,2
"93",21,0,0,21,7.3663,0,1,2
"94",18,0,0,18,5.4821,0,1,2
"95",21,0,0,21,7.3404,0,1,2
"96",30,0,0,30,8.2174,0,0,3
"97",29,3,0,32,7.7248,0,0,2
"98",30,0,0,30,8.1511,0,0,3
"99",9,0,0,9,4.3923,0,1,1
"100",17,0,0,17,3.8589,0,1,1
"101",28,0,0,28,10.3823,0,1,3
"102",30,0,0,30,8.3999,0,0,3
"103",30,0,0,30,6.4841,0,0,3
"104",29,3,0,32,7.5808,0,0,4
"105",28,3,0,31,6.5583,0,0,4
"106",30,0,0,30,7.319,0,0,3
"107",28,3,0,31,10.6188,0,0,4
"108",31,0,0,31,9.0243,0,0,3
"109",26,6,0,32,8.1293,0,0,4
"110",22,7,3,32,8.2139,0,0,4
"111",26,3,0,29,9.4852,0,1,3
"112",27,3,0,30,14.9394,0,0,4
"113",30,0,0,30,9.8241,0,0,3
"114",29,3,0,32,8.0558,0,0,4
"115",32,0,0,32,9.0891,0,0,3
"116",30,0,0,30,8.4594,0,0,3
"117",27,3,0,30,9.2385,0,0,4
"118",26,6,0,32,10.2386,0,0,3
"119",24,0,0,24,7.4038,0,1,3
"120",21,8,3,32,10.1929,0,0,5
"121",23,6,3,32,9.1797,0,0,4
"122",30,0,0,30,10.5279,0,0,2
"123",30,0,0,30,9.7577,0,0,2
"124",30,0,0,30,8.1965,0,0,2
"125",21,0,0,21,6.8342,0,1,3
"126",32,0,0,32,8.1036,0,0,3
"127",31,0,0,31,6.7722,0,0,3
"128",3,0,0,3,1.1312,1,0,0
"129",32,0,0,32,9.3182,0,0,2
"130",21,0,0,21,5.5709,0,1,2
"131",9,0,0,9,3.8579,0,1,1
"132",26,6,0,32,10.025,0,0,4
"133",19,8,3,30,7.5119,0,0,5
"134",26,6,0,32,7.5032,0,0,4
"135",26,3,3,32,10.7825,0,0,4
"136",23,6,3,32,8.6562,0,0,4
"137",21,0,0,21,9.6818,0,1,2
"138",21,0,0,21,8.7078,0,1,2
"139",21,0,0,21,6.927,0,1,2
"140",27,3,0,30,8.5578,0,0,3
"141",30,0,0,30,8.2675,0,0,3
"142",30,0,0,30,6.6262,0,0,3
"143",30,0,0,30,5.9007,0,0,3
"144",30,0,0,30,9.4463,0,0,2
"145",9,0,0,9,4.0078,0,1,1
"146",30,0,0,30,10.5726,0,0,3
"147",29,3,0,32,10.0958,0,0,2
"148",30,0,0,30,8.3047,0,0,3
"149",12,0,0,12,4.1815,1,0,2
"150",24,0,0,24,9.7696,0,1,2
"151",24,0,0,24,8.1912,0,1,2
"152",9,0,0,9,4.4236,0,1,1
"153",9,0,0,9,4.495,0,1,1
"154",30,0,0,30,7.7859,0,0,3
"155",26,6,0,32,6.8903,0,0,3
"156",30,0,0,30,8.9963,0,0,3
"157",30,0,0,30,7.425,0,0,3
"158",31,0,0,31,13.0867,0,0,2
"159",30,0,0,30,11.2851,0,0,3
"160",21,0,0,21,8.572,0,1,2
"161",28,0,0,28,7.8554,0,1,3
"162",15,0,0,15,5.8673,0,1,2
"163",18,0,0,18,7.4124,0,1,2
"164",29,3,0,32,10.1274,0,0,4
"165",29,3,0,32,9.2958,0,0,4
"166",29,3,0,32,7.2052,0,0,4
"167",24,0,0,24,10.865,0,1,3
"168",21,0,0,21,8.2889,0,1,2
"169",32,0,0,32,7.2723,0,0,3
"170",27,3,0,30,9.7692,0,0,4
"171",27,3,0,30,7.6616,0,0,3
"172",21,0,0,21,7.4841,0,1,2
"173",21,0,0,21,7.0277,0,1,1
"174",22,0,0,22,5.2854,0,1,2
"175",30,0,0,30,7.7812,0,0,2
"176",30,0,0,30,6.6451,0,0,2
"177",3,0,0,3,0.6949,1,0,0
"178",26,6,0,32,7.4957,0,0,4
"179",30,0,0,30,10.8006,0,0,2
"180",9,0,0,9,4.7153,0,1,1
"181",30,0,0,30,12.5684,0,0,3
"182",29,3,0,32,12.4576,0,0,4
"183",29,3,0,32,11.3019,0,0,4
"184",29,3,0,32,9.8874,0,0,4
"185",29,3,0,32,9.0052,0,0,4
"186",29,3,0,32,7.9006,0,0,4
"187",29,3,0,32,6.8765,0,0,4
"188",30,0,0,30,6.1898,0,0,3
"189",27,0,0,27,10.5301,0,1,1
"190",29,3,0,32,7.495,0,0,3
"191",9,0,0,9,4.4844,0,1,1
"192",25,4,3,32,8.7665,0,0,5
"193",23,6,3,32,7.6377,0,0,5
"194",28,3,0,31,9.0267,0,0,4
"195",19,7,6,32,8.8816,0,0,5
"196",23,6,3,32,8.5135,0,0,4
"197",29,3,0,32,7.7013,0,0,3
"198",30,0,0,30,10.9302,0,0,3
"199",31,0,0,31,5.9241,0,0,2
"200",27,3,0,30,10.4385,0,0,4
"201",31,0,0,31,7.913,0,0,3
"202",29,0,0,29,7.0182,0,1,3
"203",30,0,0,30,10.5513,0,0,3
"204",30,0,0,30,9.5006,0,0,3
"205",23,9,0,32,9.073,0,0,4
"206",27,3,0,30,10.588,0,0,4
"207",29,3,0,32,10.1231,0,0,4
"208",30,0,0,30,9.3677,0,0,3
"209",30,0,0,30,10.9426,0,0,3
"210",26,3,0,29,7.5742,0,1,3
"211",26,6,0,32,8.8124,0,0,4
"212",18,8,6,32,8.382,0,0,6
"213",9,0,0,9,3.7976,0,1,1
"214",9,0,0,9,5.0225,0,1,1
"215",29,3,0,32,6.8519,0,0,4
"216",29,3,0,32,11.3188,0,0,4
"217",29,3,0,32,9.3171,0,0,4
"218",24,5,3,32,11.1584,0,0,5
"219",21,0,0,21,7.7217,0,1,3
"220",18,0,0,18,5.4946,0,1,3
"221",18,11,3,32,7.8627,0,0,5
"222",28,3,0,31,8.2598,0,0,3
"223",21,0,0,21,5.3769,0,1,3
"224",18,0,0,18,4.2141,0,1,2
"225",20,6,6,32,9.4433,0,0,5
"226",26,6,0,32,8.3073,0,0,4
"227",24,6,0,30,7.7321,0,0,4
"228",21,0,0,21,7.7587,0,1,2
"229",30,0,0,30,10.6835,0,0,3
"230",21,0,0,21,9.1465,0,1,2
"231",12,0,0,12,6.1998,0,1,2
"232",12,0,0,12,5.9449,0,1,2
"233",23,0,0,23,7.2296,0,1,1
"234",21,0,0,21,5.4951,0,1,1
"235",29,3,0,32,8.9287,0,0,4
"236",3,0,0,3,1.1393,1,0,0
"237",26,6,0,32,8.9492,0,0,4
"238",12,0,0,12,5.4963,0,1,2
"239",30,0,0,30,8.6835,0,0,3
"240",26,6,0,32,9.8582,0,0,4
"241",15,0,0,15,7.3915,0,1,2
"242",12,0,0,12,6.0484,0,1,2
"243",29,3,0,32,9.0482,0,0,4
"244",27,3,0,30,7.9425,0,0,4
"245",27,0,0,27,9.6309,0,1,2
"246",24,0,0,24,7.9849,0,1,2
"247",21,0,0,21,6.8331,0,1,1
"248",27,0,0,27,12.0312,0,1,2
"249",9,0,0,9,4.0652,0,1,1
"250",32,0,0,32,12.2479,0,0,2
"251",30,0,0,30,11.5066,0,0,2
"252",30,0,0,30,9.8322,0,0,2
"253",30,0,0,30,12.7151,0,0,2
"254",12,0,0,12,5.912,0,1,2
"255",27,0,0,27,10.2733,0,1,2
"256",32,0,0,32,7.3054,0,0,2
"257",9,0,0,9,4.5483,0,1,1
"258",32,0,0,32,8.9229,0,0,3
"259",30,0,0,30,9.2165,0,0,3
"260",29,3,0,32,9.6958,0,0,3
"261",29,3,0,32,8.9786,0,0,3
"262",28,3,0,31,7.1511,0,0,4
"263",29,3,0,32,7.3802,0,0,4
"264",30,0,0,30,7.2324,0,0,3
"265",27,0,0,27,9.967,0,1,3
"266",24,0,0,24,8.8073,0,1,3
"267",26,6,0,32,8.8503,0,0,4
"268",30,0,0,30,8.059,0,0,3
"269",32,0,0,32,10.9523,0,0,3
"270",9,0,0,9,5.1039,0,1,1
"271",9,0,0,9,3.7752,0,1,1
"272",29,3,0,32,11.4854,0,0,2
"273",12,0,0,12,5.5329,0,1,2
"274",27,3,0,30,9.7661,0,0,4
"275",29,3,0,32,7.6336,0,0,2
"276",31,0,0,31,10.506,0,0,3
"277",21,0,0,21,5.4292,0,1,2
"278",21,0,0,21,8.0817,0,1,2
"279",29,3,0,32,11.3156,0,0,3
"280",30,0,0,30,5.9926,0,0,3
"281",26,3,0,29,9.591,0,1,4
"282",26,3,0,29,9.0479,0,1,4
"283",30,0,0,30,8.2239,0,0,2
"284",25,6,0,31,8.5215,0,0,4
"285",26,6,0,32,10.2617,0,0,4
"286",29,3,0,32,9.9948,0,0,3
"287",27,3,0,30,8.4658,0,0,3
"288",24,0,0,24,8.0644,0,1,2
"289",30,0,0,30,9.7456,0,0,2
"290",27,3,0,30,7.1804,0,0,3
"291",12,0,0,12,5.5753,0,1,2
"292",3,0,0,3,1.1923,1,0,0
"293",32,0,0,32,8.6824,0,0,3
"294",30,0,0,30,12.2821,0,0,3
"295",30,0,0,30,6.7379,0,0,3
"296",24,0,0,24,8.5687,0,1,2
"297",27,0,0,27,8.5753,0,1,3
"298",27,0,0,27,7.3511,0,1,3
"299",27,0,0,27,6.9519,0,1,3
"300",15,0,0,15,3.7563,0,1,2
"301",32,0,0,32,11.3699,0,0,3
"302",9,0,0,9,4.2338,0,1,1
"303",30,0,0,30,11.5844,0,0,3
"304",24,0,0,24,9.1743,0,1,3
"305",30,0,0,30,6.9275,0,0,3
"306",26,6,0,32,8.1457,0,0,3
"307",23,0,0,23,8.8618,0,1,1
"308",29,3,0,32,11.1935,0,0,4
"309",30,0,0,30,6.5034,0,0,2
"310",32,0,0,32,9.1181,0,0,3
"311",29,3,0,32,7.2442,0,0,4
"312",25,0,0,25,8.1586,0,1,3
"313",30,0,0,30,11.6605,0,0,2
"314",30,0,0,30,11.2308,0,0,2
"315",30,0,0,30,8.8415,0,0,2
"316",30,0,0,30,7.4733,0,0,2
"317",28,3,0,31,9.2745,0,0,4
"318",29,3,0,32,9.5548,0,0,3
"319",29,3,0,32,8.1107,0,0,3
"320",27,0,0,27,10.6131,0,1,3
"321",29,3,0,32,10.4973,0,0,3
"322",29,3,0,32,8.8043,0,0,3
"323",22,0,0,22,6.7415,0,1,3
"324",21,0,0,21,8.8822,0,1,1
"325",21,0,0,21,7.1596,0,1,1
"326",30,0,0,30,9.0716,0,0,2
"327",27,3,0,30,8.986,0,0,4
"328",30,0,0,30,9.8157,0,0,3
"329",27,3,0,30,9.3514,0,0,3
"330",21,0,0,21,8.3439,0,1,1
"331",15,0,0,15,6.5564,0,1,1
"332",27,0,0,27,9.7669,0,1,3
"333",20,0,0,20,7.1726,0,1,2
"334",21,0,0,21,5.3656,0,1,2
"335",29,3,0,32,7.8581,0,0,4
"336",29,3,0,32,8.3825,0,0,4
"337",29,3,0,32,7.5619,0,0,4
"338",26,6,0,32,10.7013,0,0,4
"339",31,0,0,31,10.2459,0,0,3
"340",28,3,0,31,7.4178,0,0,4
"341",26,6,0,32,7.62,0,0,4
"342",30,0,0,30,8.2539,0,0,3
"343",25,6,0,31,7.354,0,0,4
"344",30,0,0,30,9.6924,0,0,3
"345",27,3,0,30,9.3762,0,0,4
"346",28,3,0,31,6.7051,0,0,4
"347",32,0,0,32,6.0764,0,0,3
"348",29,3,0,32,11.4328,0,0,4
"349",26,3,3,32,10.7212,0,0,5
"350",21,8,3,32,7.7648,0,0,5
"351",30,0,0,30,8.6457,0,0,3
"352",12,0,0,12,6.3937,0,1,2
"353",12,0,0,12,5.5686,0,1,2
"354",25,6,0,31,10.5314,0,0,4
"355",26,6,0,32,8.7791,0,0,4
"356",29,3,0,32,8.8528,0,0,4
"357",27,0,0,27,10.0207,0,1,2
"358",21,0,0,21,9.5353,0,1,2
"359",32,0,0,32,5.3211,0,0,2
"360",20,0,0,20,7.5055,0,1,3
"361",26,6,0,32,7.8918,0,0,4
"362",32,0,0,32,11.1389,0,0,3
"363",32,0,0,32,10.7675,0,0,3
"364",30,0,0,30,9.702,0,0,3
"365",9,0,0,9,4.4316,0,1,1
"366",12,0,0,12,6.2113,0,1,2
"367",21,0,0,21,6.4309,0,1,2
"368",24,0,0,24,7.5589,0,1,3
"369",9,0,0,9,3.8357,0,1,1
"370",18,0,0,18,7.329,0,1,2
"371",25,0,0,25,7.2917,0,1,2
"372",21,0,0,21,6.2801,0,1,2
"373",9,0,0,9,3.7716,0,1,1
"374",9,0,0,9,4.0125,0,1,1
"375",25,0,0,25,10.1377,0,1,2
"376",22,7,3,32,7.8635,0,0,4
"377",30,0,0,30,9.1885,0,0,3
"378",25,0,0,25,7.1003,0,1,2
"379",20,6,6,32,7.6406,0,0,4
"380",27,0,0,27,9.289,0,1,2
"381",30,0,0,30,11.029,0,0,3
"382",32,0,0,32,6.6728,0,0,3
"383",27,3,0,30,10.9732,0,0,4
"384",9,0,0,9,5.1583,0,1,1
"385",9,0,0,9,4.3409,0,1,1
"386",30,0,0,30,6.9294,0,0,3
"387",9,0,0,9,4.3977,0,1,1
"388",27,3,0,30,10.7428,0,0,4
"389",29,0,0,29,10.6518,0,1,3
"390",26,0,0,26,9.4672,0,1,2
"391",32,0,0,32,11.2792,0,0,3
"392",29,3,0,32,11.7004,0,0,4
"393",16,10,6,32,13.0111,0,0,6
"394",29,3,0,32,9.4864,0,0,4
"395",26,6,0,32,9.4643,0,0,4
"396",26,6,0,32,10.2152,0,0,4
"397",32,0,0,32,9.0927,0,0,3
"398",26,6,0,32,9.8043,0,0,4
"399",30,0,0,30,8.926,0,0,3
"400",30,0,0,30,7.2803,0,0,3
"401",9,0,0,9,4.5514,0,1,1
"402",30,0,0,30,8.6165,0,0,2
"403",29,3,0,32,9.0619,0,0,3
"404",28,3,0,31,9.4248,0,0,4
"405",27,0,0,27,6.846,0,1,3
"406",9,0,0,9,4.3141,0,1,1
"407",12,0,0,12,6.1007,0,1,1
"408",9,0,0,9,4.3736,0,1,1
"409",30,0,0,30,9.9791,0,0,2
"410",30,0,0,30,7.5605,0,0,3
"411",9,0,0,9,4.5486,0,1,1
"412",21,0,0,21,5.2683,0,1,2
"413",15,0,0,15,7.2294,0,1,2
"414",9,0,0,9,3.9152,0,1,1
"415",21,0,0,21,6.2932,0,1,2
"416",30,0,0,30,10.8895,0,0,3
"417",30,0,0,30,9.5071,0,0,3
"418",30,0,0,30,9.287,0,0,3
"419",26,6,0,32,9.1626,0,0,3
"420",26,6,0,32,9.264,0,0,3
"421",30,0,0,30,10.1337,0,0,3
"422",24,0,0,24,6.3403,0,1,3
"423",27,3,0,30,9.9182,0,0,3
"424",9,0,0,9,4.8549,0,1,1
"425",30,0,0,30,8.0519,0,0,3
"426",27,3,0,30,6.5474,0,0,4
"427",29,3,0,32,6.1817,0,0,3
"428",21,0,0,21,5.5878,0,1,2
"429",27,0,0,27,7.8722,0,1,2
"430",29,3,0,32,8.2643,0,0,2
"431",9,0,0,9,3.9156,0,1,1
"432",30,0,0,30,12.1277,0,0,3
"433",30,0,0,30,11.2189,0,0,3
"434",30,0,0,30,9.3338,0,0,3
"435",25,4,3,32,12.395,0,0,5
"436",30,0,0,30,8.1132,0,0,3
"437",27,3,0,30,8.9046,0,0,4
"438",29,3,0,32,7.9747,0,0,4
"439",21,8,3,32,10.5605,0,0,5
"440",27,3,0,30,7.5359,0,0,4
"441",29,3,0,32,9.1492,0,0,4
"442",29,3,0,32,9.2707,0,0,4
"443",29,3,0,32,7.3229,0,0,4
"444",30,0,0,30,7.0384,0,0,3
"445",30,0,0,30,7.3966,0,0,3
"446",28,3,0,31,10.6205,0,0,3
"447",31,0,0,31,9.424,0,0,2
"448",32,0,0,32,10.657,0,0,2
"449",32,0,0,32,10.7805,0,0,2
"450",9,0,0,9,4.3916,0,1,1
"451",30,0,0,30,10.2203,0,0,2
"452",24,0,0,24,6.7676,0,1,2
"453",25,0,0,25,9.782,0,1,3
"454",23,0,0,23,7.6354,0,1,2
"455",30,0,0,30,9.7921,0,0,3
"456",32,0,0,32,10.5175,0,0,3
"457",30,0,0,30,9.668,0,0,2
"458",30,0,0,30,7.8883,0,0,2
"459",30,0,0,30,10.9848,0,0,2
"460",30,0,0,30,12.9729,0,0,2
"461",17,0,0,17,7.7163,0,1,2
"462",9,0,0,9,3.79,1,0,0
"463",24,0,0,24,9.0843,0,1,2
"464",25,6,0,31,10.1625,0,0,4
"465",23,9,0,32,9.7946,0,0,4
"466",21,0,0,21,7.1559,0,1,2
"467",21,0,0,21,6.7164,0,1,2
"468",21,0,0,21,6.3015,0,1,2
"469",9,0,0,9,4.3959,0,1,1
"470",30,0,0,30,9.6129,0,0,3
"471",28,3,0,31,7.5375,0,0,4
"472",26,6,0,32,6.9617,0,0,3
"473",27,3,0,30,6.3922,0,0,2
"474",30,0,0,30,6.4301,0,0,2
"475",21,0,0,21,5.209,0,1,2
"476",11,0,0,11,3.4805,1,0,2
"477",9,0,0,9,4.6876,0,1,1
"478",32,0,0,32,7.8964,0,0,3
"479",28,3,0,31,10.9344,0,0,3
"480",27,0,0,27,10.6718,0,1,3
"481",9,0,0,9,3.7424,1,0,2
"482",32,0,0,32,10.1389,0,0,3
"483",29,3,0,32,11.8899,0,0,3
"484",17,9,6,32,9.1931,0,0,5
"485",29,3,0,32,9.5789,0,0,4
"486",30,0,0,30,9.8788,0,0,3
"487",30,0,0,30,7.7518,0,0,3
"488",30,0,0,30,7.1923,0,0,3
"489",30,0,0,30,6.4725,0,0,3
"490",26,6,0,32,7.5977,0,0,4
"491",29,3,0,32,6.4463,0,0,4
"492",29,3,0,32,7.2345,0,0,4
"493",29,3,0,32,5.8499,0,0,4
"494",30,0,0,30,10.4662,0,0,3
"495",15,0,0,15,3.7941,1,0,1
"496",29,3,0,32,7.6808,0,0,4
"497",29,3,0,32,6.1035,0,0,3
"498",19,0,0,19,8.9572,0,1,1
"499",30,0,0,30,9.8575,0,0,3
"500",29,3,0,32,9.2955,0,0,4
"501",27,3,0,30,10.051,0,0,4
"502",9,0,0,9,3.6583,0,1,1
"503",29,3,0,32,13.2098,0,0,4
"504",30,0,0,30,11.8496,0,0,3
"505",21,8,3,32,10.1616,0,0,5
"506",29,3,0,32,8.7376,0,0,4
"507",29,3,0,32,8.6349,0,0,4
"508",24,0,0,24,9.4058,0,1,2
"509",26,6,0,32,8.8876,0,0,4
"510",27,3,0,30,9.8628,0,0,4
"511",24,0,0,24,8.4806,0,1,3
"512",9,0,0,9,4.3309,0,1,1
"513",21,0,0,21,5.1503,0,1,2
"514",30,0,0,30,9.889,0,0,3
"515",30,0,0,30,8.3189,0,0,3
"516",30,0,0,30,10.544,0,0,3
"517",32,0,0,32,9.6173,0,0,2
"518",30,0,0,30,8.147,0,0,2
"519",30,0,0,30,7.4615,0,0,2
"520",16,0,0,16,6.9965,0,1,2
"521",13,0,0,13,3.1732,1,0,2
"522",29,3,0,32,9.0221,0,0,4
"523",23,9,0,32,11.9367,0,0,4
"524",30,0,0,30,12.7922,0,0,1
"525",31,0,0,31,13.172,0,0,2
"526",30,0,0,30,12.0318,0,0,2
"527",24,0,0,24,9.2178,0,1,3
"528",32,0,0,32,9.9175,0,0,3
"529",31,0,0,31,8.9139,0,0,3
"530",29,3,0,32,8.0839,0,0,4
"531",29,3,0,32,9.5027,0,0,4
"532",29,3,0,32,7.6379,0,0,4
"533",29,3,0,32,6.4574,0,0,4
"534",25,6,0,31,12.0986,0,0,4
"535",26,6,0,32,8.2202,0,0,4
"536",30,0,0,30,9.1901,0,0,3
"537",27,0,0,27,9.5333,0,1,2
"538",24,0,0,24,9.4825,0,1,2
"539",24,0,0,24,8.1594,0,1,2
"540",29,3,0,32,7.2774,0,0,4
"541",21,0,0,21,6.9616,0,1,3
"542",18,0,0,18,5.8059,0,1,3
"543",29,3,0,32,8.5691,0,0,3
"544",30,0,0,30,7.1432,0,0,2
"545",24,0,0,24,9.0856,0,1,3
"546",32,0,0,32,8.3142,0,0,3
"547",30,0,0,30,7.1229,0,0,3
"548",30,0,0,30,10.2542,0,0,2
"549",30,0,0,30,9.371,0,0,3
"550",30,0,0,30,8.1511,0,0,3
"551",27,0,0,27,6.76,0,1,2
"552",30,0,0,30,9.4322,0,0,3
"553",21,0,0,21,7.4751,0,1,1
"554",9,0,0,9,3.8897,0,1,1
"555",25,0,0,25,8.0021,0,1,3
"556",21,0,0,21,8.9414,0,1,2
"557",21,0,0,21,7.4617,0,1,2
"558",21,0,0,21,5.5623,0,1,2
"559",9,0,0,9,3.7432,0,1,1
"560",15,0,0,15,7.3627,0,1,2
"561",21,0,0,21,7.1533,0,1,2
"562",9,0,0,9,4.1126,0,1,1
"563",26,6,0,32,8.2795,0,0,3
"564",29,3,0,32,9.0725,0,0,4
"565",29,3,0,32,7.3895,0,0,4
"566",29,3,0,32,6.0215,0,0,4
"567",9,0,0,9,4.3752,0,1,1
"568",30,0,0,30,6.7817,0,0,3
"569",30,0,0,30,11.5006,0,0,3
"570",32,0,0,32,7.9098,0,0,2
"571",9,0,0,9,4.3949,0,1,1
"572",30,0,0,30,10.0712,0,0,2
"573",27,3,0,30,7.4268,0,0,4
"574",30,0,0,30,8.2503,0,0,3
"575",32,0,0,32,8.0931,0,0,3
"576",32,0,0,32,9.1827,0,0,3
"577",9,0,0,9,4.205,0,1,1
"578",27,3,0,30,10.5519,0,0,4
"579",30,0,0,30,7.2469,0,0,3
"580",27,3,0,30,7.4273,0,0,4
"581",21,0,0,21,8.3764,0,1,3
"582",27,0,0,27,9.6325,0,1,2
"583",27,0,0,27,8.0457,0,1,2
"584",30,0,0,30,7.8254,0,0,3
"585",27,3,0,30,8.2428,0,0,4
"586",30,0,0,30,9.8724,0,0,2
"587",30,0,0,30,9.5468,0,0,2
"588",28,3,0,31,8.2636,0,0,3
"589",30,0,0,30,9.3529,0,0,3
"590",27,3,0,30,9.8138,0,0,3
"591",30,0,0,30,6.0249,0,0,3
"592",29,3,0,32,12.0388,0,0,4
"593",29,3,0,32,5.5753,0,0,4
"594",29,3,0,32,9.5912,0,0,4
"595",29,3,0,32,7.4641,0,0,4
"596",21,0,0,21,7.691,0,1,2
"597",12,0,0,12,5.8026,0,1,2
"598",29,3,0,32,9.431,0,0,4
"599",30,0,0,30,10.3993,0,0,2
"600",30,0,0,30,8.8299,0,0,2
"601",30,0,0,30,6.9182,0,0,2
"602",27,0,0,27,8.1815,0,1,2
"603",20,0,0,20,5.924,0,1,2
"604",24,0,0,24,7.4471,0,1,2
"605",32,0,0,32,8.5343,0,0,3
"606",32,0,0,32,7.6673,0,0,3
"607",27,3,0,30,7.6625,0,0,4
"608",29,3,0,32,7.8735,0,0,3
"609",27,3,0,30,5.9338,0,0,4
"610",30,0,0,30,10.972,0,0,2
"611",26,6,0,32,12.5655,0,0,4
"612",12,0,0,12,5.4686,0,1,2
"613",30,0,0,30,12.7837,0,0,3
"614",27,3,0,30,9.0046,0,0,4
"615",18,0,0,18,8.3914,0,1,2
"616",29,3,0,32,10.626,0,0,4
"617",25,4,3,32,8.595,0,0,5
"618",22,7,3,32,7.776,0,0,5
"619",30,0,0,30,8.4345,0,0,3
"620",27,0,0,27,8.1089,0,1,2
"621",24,0,0,24,6.3428,0,1,2
"622",30,0,0,30,8.5419,0,0,3
"623",29,3,0,32,8.3589,0,0,3
"624",24,6,0,30,10.4264,0,0,3
"625",30,0,0,30,6.2127,0,0,2
"626",30,0,0,30,8.5618,0,0,3
"627",30,0,0,30,7.299,0,0,3
"628",29,3,0,32,11.7771,0,0,4
"629",28,3,0,31,11.7239,0,0,4
"630",28,3,0,31,10.4875,0,0,4
"631",28,3,0,31,11.2083,0,0,4
"632",29,3,0,32,10.8164,0,0,4
"633",32,0,0,32,8.9042,0,0,3
"634",22,3,0,25,7.8805,0,1,4
"635",16,0,0,16,5.7473,0,1,3
"636",22,0,0,22,8.7057,0,1,2
"637",23,0,0,23,7.8121,0,1,2
"638",14,0,0,14,3.6882,0,1,2
"639",26,6,0,32,9.2839,0,0,3
"640",15,0,0,15,6.7263,0,1,1
"641",12,0,0,12,6.0249,0,1,1
"642",12,0,0,12,5.8975,0,1,1
"643",25,0,0,25,8.938,0,1,3
"644",29,3,0,32,10.7501,0,0,4
"645",32,0,0,32,7.4436,0,0,2
"646",18,4,10,32,11.6328,0,0,5
"647",30,0,0,30,11.1111,0,0,2
"648",29,3,0,32,8.4556,0,0,4
"649",24,0,0,24,10.8438,0,1,2
"650",30,0,0,30,9.199,0,0,3
"651",18,0,0,18,5.7963,0,1,2
"652",31,0,0,31,11.0446,0,0,2
"653",29,3,0,32,7.3676,0,0,3
"654",30,0,0,30,11.516,0,0,3
"655",26,6,0,32,10.181,0,0,4
"656",29,3,0,32,9.9431,0,0,3
"657",29,3,0,32,7.1499,0,0,3
"658",29,3,0,32,6.9047,0,0,3
"659",21,0,0,21,7.3477,0,1,2
"660",24,0,0,24,6.7373,0,1,3
"661",30,0,0,30,11.316,0,0,2
"662",9,0,0,9,3.895,0,1,1
"663",18,0,0,18,5.9324,0,1,2
"664",27,0,0,27,8.9034,0,1,3
"665",26,3,0,29,8.9691,0,1,4
"666",26,0,0,26,8.7008,0,1,3
"667",30,0,0,30,9.0526,0,0,3
"668",28,3,0,31,9.6361,0,0,3
"669",27,3,0,30,8.0555,0,0,3
"670",9,0,0,9,5.4741,0,1,1
"671",29,3,0,32,9.537,0,0,4
"672",27,3,0,30,7.7456,0,0,4
"673",29,0,0,29,8.7295,0,1,3
"674",29,0,0,29,7.6079,0,1,3
"675",27,3,0,30,10.3008,0,0,4
"676",26,6,0,32,11.2765,0,0,4
"677",30,0,0,30,7.6932,0,0,3
"678",29,3,0,32,10.0526,0,0,4
"679",29,3,0,32,9.1747,0,0,4
"680",32,0,0,32,8.4369,0,0,3
"681",30,0,0,30,7.4344,0,0,3
"682",26,6,0,32,10.8611,0,0,4
"683",30,0,0,30,10.7289,0,0,3
"684",27,3,0,30,8.439,0,0,4
"685",20,8,3,31,9.2825,0,0,4
"686",29,3,0,32,8.0144,0,0,3
"687",32,0,0,32,7.9669,0,0,2
"688",25,0,0,25,7.5748,0,1,2
"689",27,3,0,30,8.8143,0,0,4
"690",9,0,0,9,3.998,0,1,1
"691",9,0,0,9,4.4745,0,1,1
"692",21,0,0,21,7.6487,0,1,1
"693",26,0,0,26,8.7418,0,1,2
"694",26,0,0,26,9.1786,0,1,3
"695",23,0,0,23,7.8427,0,1,2
"696",18,8,6,32,11.0006,0,0,3
"697",15,11,6,32,10.0077,0,0,3
"698",23,9,0,32,8.8231,0,0,4
"699",26,6,0,32,11.0196,0,0,4
"700",26,6,0,32,9.2542,0,0,4
"701",30,0,0,30,5.5826,0,0,3
"702",30,0,0,30,9.9726,0,0,3
"703",30,0,0,30,7.87,0,0,3
"704",27,0,0,27,10.0746,0,1,2
"705",27,0,0,27,9.2637,0,1,2
"706",25,0,0,25,8.3518,0,1,1
"707",30,0,0,30,8.0541,0,0,2
"708",29,3,0,32,10.4747,0,0,4
"709",30,0,0,30,13.165,0,0,2
"710",3,0,0,3,0.7444,1,0,0
"711",9,0,0,9,3.3367,0,1,1
"712",24,0,0,24,8.0485,0,1,2
"713",18,0,0,18,6.2403,0,1,1
"714",15,0,0,15,5.2691,0,1,2
"715",12,0,0,12,3.6152,0,1,1
"716",29,3,0,32,10.1073,0,0,4
"717",30,0,0,30,10.6144,0,0,3
"718",28,3,0,31,7.4389,0,0,4
"719",30,0,0,30,8.6806,0,0,3
"720",30,0,0,30,7.3013,0,0,3
"721",16,11,3,30,9.4286,0,0,4
"722",24,5,3,32,7.8721,0,0,5
"723",27,3,0,30,8.1992,0,0,4
"724",27,0,0,27,9.034,0,1,2
"725",27,0,0,27,11.2741,0,1,3
"726",30,0,0,30,8.2002,0,0,3
"727",21,0,0,21,6.1905,0,1,2
"728",30,0,0,30,11.0443,0,0,3
"729",30,0,0,30,9.796,0,0,3
"730",27,3,0,30,8.2802,0,0,4
"731",23,5,3,31,10.0167,0,0,4
"732",32,0,0,32,10.1182,0,0,3
"733",24,0,0,24,9.3821,0,1,3
"734",29,3,0,32,10.0771,0,0,4
"735",24,6,0,30,8.7287,0,0,4
"736",18,11,3,32,9.4077,0,0,4
"737",26,6,0,32,8.4306,0,0,4
"738",27,3,0,30,6.014,0,0,4
"739",30,0,0,30,5.4135,0,0,3
"740",27,0,0,27,10.9875,0,1,2
"741",22,3,0,25,6.6988,0,1,2
"742",22,0,0,22,5.4039,0,1,1
"743",29,3,0,32,11.438,0,0,4
"744",9,0,0,9,3.7717,0,1,1
"745",9,0,0,9,3.9109,0,1,1
"746",12,0,0,12,5.647,0,1,1
"747",30,0,0,30,9.7152,0,0,3
"748",18,0,0,18,6.6915,0,1,2
"749",31,0,0,31,6.7635,0,0,3
"750",27,3,0,30,7.6863,0,0,3
"751",27,0,0,27,10.1401,0,1,2
"752",32,0,0,32,8.3888,0,0,3
"753",32,0,0,32,7.1751,0,0,3
"754",30,0,0,30,11.3731,0,0,3
"755",29,3,0,32,10.6269,0,0,3
"756",26,6,0,32,10.4753,0,0,3
"757",15,0,0,15,5.624,0,1,2
"758",21,0,0,21,6.9588,0,1,2
"759",32,0,0,32,7.1654,0,0,3
"760",32,0,0,32,8.3433,0,0,2
"761",31,0,0,31,7.7963,0,0,2
"762",21,0,0,21,6.4075,0,1,2
"763",30,0,0,30,10.9686,0,0,3
"764",30,0,0,30,9.5395,0,0,3
"765",30,0,0,30,8.1905,0,0,3
"766",27,0,0,27,9.6864,0,1,2
"767",9,0,0,9,4.3732,0,1,1
"768",30,0,0,30,7.9304,0,0,3
"769",27,3,0,30,7.3515,0,0,4
"770",28,3,0,31,10.1039,0,0,3
"771",30,0,0,30,9.3793,0,0,3
"772",29,3,0,32,8.0736,0,0,4
"773",21,8,3,32,7.4973,0,0,5
"774",23,6,3,32,7.6427,0,0,5
"775",29,3,0,32,5.7157,0,0,4
"776",13,0,0,13,3.6227,0,1,1
"777",29,3,0,32,8.1187,0,0,4
"778",31,0,0,31,7.7264,0,0,2
"779",32,0,0,32,7.6964,0,0,2
"780",26,6,0,32,8.6356,0,0,4
"781",28,3,0,31,6.4514,0,0,4
"782",26,6,0,32,10.1064,0,0,4
"783",30,0,0,30,8.0855,0,0,3
"784",18,11,3,32,8.7218,0,0,5
"785",26,6,0,32,7.7503,0,0,3
"786",29,3,0,32,8.0602,0,0,4
"787",29,3,0,32,9.1755,0,0,4
"788",19,9,3,31,7.5085,0,0,5
"789",19,7,6,32,7.993,0,0,5
"790",30,0,0,30,9.254,0,0,3
"791",30,0,0,30,7.9031,0,0,3
"792",26,6,0,32,12.1573,0,0,4
"793",29,3,0,32,9.2336,0,0,3
"794",26,6,0,32,8.6325,0,0,4
"795",21,8,3,32,9.9279,0,0,5
"796",18,8,6,32,8.3773,0,0,5
"797",29,3,0,32,9.1033,0,0,4
"798",27,3,0,30,7.6298,0,0,4
"799",30,0,0,30,10.7985,0,0,3
"800",24,0,0,24,9.3724,0,1,2
"801",24,0,0,24,7.4037,0,1,2
"802",9,0,0,9,3.732,0,1,1
"803",9,0,0,9,3.9429,0,1,1
"804",9,0,0,9,4.8579,0,1,1
"805",24,0,0,24,7.3719,0,1,3
"806",17,0,0,17,4.7222,0,1,2
"807",29,3,0,32,9.2509,0,0,4
"808",26,6,0,32,9.1457,0,0,4
"809",29,3,0,32,6.6468,0,0,4
"810",27,3,0,30,6.5526,0,0,4
"811",29,3,0,32,6.9355,0,0,4
"812",21,0,0,21,10.2037,0,1,2
"813",30,0,0,30,8.5399,0,0,3
"814",26,6,0,32,10.3804,0,0,4
"815",26,6,0,32,8.4209,0,0,4
"816",26,6,0,32,8.8967,0,0,4
"817",24,6,0,30,7.4987,0,0,4
"818",12,0,0,12,5.39,0,1,2
"819",30,0,0,30,7.7932,0,0,3
"820",12,0,0,12,5.0321,0,1,2
"821",30,0,0,30,8.4097,0,0,3
"822",20,0,0,20,6.8652,0,1,3
"823",17,0,0,17,5.6227,0,1,3
"824",30,0,0,30,9.0595,0,0,3
"825",30,0,0,30,9.0102,0,0,3
"826",27,0,0,27,7.5441,0,1,3
"827",28,3,0,31,8.9207,0,0,4
"828",27,3,0,30,8.5847,0,0,4
"829",30,0,0,30,7.8291,0,0,3
"830",30,0,0,30,6.0348,0,0,3
"831",22,7,3,32,9.0964,0,0,5
"832",28,3,0,31,9.4041,0,0,4
"833",30,0,0,30,8.4151,0,0,3
"834",24,0,0,24,8.6651,0,1,2
"835",30,0,0,30,10.7068,0,0,2
"836",30,0,0,30,9.6548,0,0,2
"837",9,0,0,9,3.9381,0,1,1
"838",9,0,0,9,4.3987,0,1,1
"839",27,3,0,30,10.3302,0,0,3
"840",30,0,0,30,7.4907,0,0,3
"841",30,0,0,30,6.5816,0,0,3
"842",19,0,0,19,6.2244,0,1,1
"843",30,0,0,30,7.691,0,0,2
"844",18,0,0,18,7.4849,0,1,2
"845",32,0,0,32,9.845,0,0,2
"846",9,0,0,9,4.2473,0,1,1
"847",24,0,0,24,7.9802,0,1,2
"848",30,0,0,30,12.6901,0,0,3
"849",27,3,0,30,7.4616,0,0,2
"850",9,0,0,9,3.4683,0,1,1
"851",9,0,0,9,3.2665,0,1,1
"852",15,0,0,15,3.9778,0,1,2
"853",27,3,0,30,10.5155,0,0,3
"854",21,0,0,21,8.5311,0,1,1
"855",29,0,0,29,6.4732,0,1,3
"856",27,0,0,27,7.8351,0,1,1
"857",21,0,0,21,5.1552,0,1,2
"858",9,0,0,9,3.8436,0,1,1
"859",30,0,0,30,12.9065,0,0,2
"860",30,0,0,30,13.4416,0,0,3
"861",9,0,0,9,5.1108,0,1,1
"862",27,0,0,27,8.8693,0,1,3
"863",21,7,3,31,8.5841,0,0,4
"864",19,10,3,32,7.5654,0,0,4
"865",9,0,0,9,3.7995,0,1,1
"866",15,0,0,15,6.2855,0,1,1
"867",27,0,0,27,9.3999,0,1,3
"868",9,0,0,9,4.0171,0,1,1
"869",9,0,0,9,3.9676,0,1,1
"870",29,3,0,32,11.0161,0,0,4
"871",29,3,0,32,10.7173,0,0,4
"872",22,6,0,28,10.784,0,1,3
"873",30,0,0,30,11.3063,0,0,2
"874",30,0,0,30,9.0815,0,0,3
"875",24,3,0,27,8.5622,0,1,3
"876",27,3,0,30,8.1015,0,0,3
"877",24,0,0,24,7.5835,0,1,3
"878",24,0,0,24,10.7457,0,1,2
"879",9,0,0,9,3.6602,0,1,1
"880",21,0,0,21,8.6748,0,1,2
"881",27,3,0,30,10.4692,0,0,4
"882",26,3,3,32,10.7919,0,0,5
"883",26,3,3,32,8.2992,0,0,5
"884",26,6,0,32,9.1634,0,0,4
"885",30,0,0,30,8.3345,0,0,3
"886",32,0,0,32,7.4251,0,0,3
"887",12,0,0,12,5.0209,0,1,1
"888",9,0,0,9,3.6175,0,1,1
"889",32,0,0,32,11.7,0,0,3
"890",32,0,0,32,10.6131,0,0,3
"891",32,0,0,32,9.2136,0,0,3
"892",29,3,0,32,8.5188,0,0,3
"893",30,0,0,30,8.5874,0,0,3
"894",30,0,0,30,7.4271,0,0,3
"895",26,6,0,32,7.7829,0,0,3
"896",30,0,0,30,8.2298,0,0,3
"897",26,3,3,32,9.529,0,0,5
"898",29,3,0,32,9.0165,0,0,4
"899",26,0,0,26,8.8829,0,1,3
"900",9,0,0,9,4.3931,0,1,1
"901",30,0,0,30,6.7559,0,0,3
"902",30,0,0,30,9.5145,0,0,2
"903",30,0,0,30,9.3184,0,0,1
"904",21,0,0,21,6.1661,0,1,2
"905",9,0,0,9,3.6782,0,1,1
"906",30,0,0,30,11.7474,0,0,3
"907",27,0,0,27,10.941,0,1,3
"908",24,0,0,24,10.0887,0,1,3
"909",15,0,0,15,5.9636,1,0,2
"910",15,0,0,15,4.5339,1,0,2
"911",32,0,0,32,7.693,0,0,3
"912",17,0,0,17,7.1492,0,1,3
"913",30,0,0,30,9.5742,0,0,2
"914",30,0,0,30,8.1008,0,0,2
"915",27,0,0,27,10.3207,0,1,3
"916",30,0,0,30,8.8615,0,0,3
"917",29,3,0,32,8.8141,0,0,4
"918",26,6,0,32,11.481,0,0,4
"919",26,6,0,32,11.0944,0,0,4
"920",21,0,0,21,7.3949,0,1,2
"921",21,0,0,21,6.487,0,1,2
"922",30,0,0,30,7.1449,0,0,3
"923",29,3,0,32,8.2586,0,0,4
"924",27,3,0,30,7.1454,0,0,4
"925",30,0,0,30,10.7522,0,0,2
"926",27,0,0,27,9.6692,0,1,2
"927",30,0,0,30,8.9385,0,0,3
"928",31,0,0,31,12.6639,0,0,2
"929",26,6,0,32,11.6658,0,0,4
"930",29,3,0,32,10.4551,0,0,4
"931",26,6,0,32,10.226,0,0,4
"932",30,0,0,30,9.828,0,0,3
"933",30,0,0,30,7.8148,0,0,3
"934",9,0,0,9,3.7668,0,1,1
"935",14,0,0,14,5.8229,0,1,1
"936",30,0,0,30,11.7961,0,0,3
"937",29,3,0,32,10.6486,0,0,4
"938",29,3,0,32,9.9541,0,0,4
"939",30,0,0,30,11.8454,0,0,3
"940",27,0,0,27,10.9525,0,1,3
"941",31,0,0,31,8.2528,0,0,3
"942",15,0,0,15,3.9699,1,0,2
"943",30,0,0,30,7.4055,0,0,3
"944",29,3,0,32,7.4136,0,0,4
"945",29,3,0,32,8.4445,0,0,4
"946",30,0,0,30,7.5719,0,0,3
"947",27,3,0,30,8.4757,0,0,4
"948",29,3,0,32,6.1631,0,0,4
"949",23,4,3,30,9.091,0,0,4
"950",30,0,0,30,7.8032,0,0,3
"951",26,0,0,26,8.3998,0,1,2
"952",24,0,0,24,6.9656,0,1,3
"953",30,0,0,30,6.7415,0,0,3
"954",25,6,0,31,8.8221,0,0,4
"955",24,6,0,30,8.8437,0,0,4
"956",31,0,0,31,9.9626,0,0,2
"957",30,0,0,30,7.8166,0,0,3
"958",21,0,0,21,7.3072,0,1,2
"959",31,0,0,31,10.9202,0,0,3
"960",25,4,3,32,9.2185,0,0,4
"961",30,0,0,30,10.0771,0,0,3
"962",30,0,0,30,8.6063,0,0,3
"963",30,0,0,30,7.4234,0,0,3
"964",32,0,0,32,10.8138,0,0,2
"965",26,0,0,26,9.8975,0,1,1
"966",16,0,0,16,6.0423,0,1,2
"967",21,0,0,21,5.6323,0,1,1
"968",32,0,0,32,8.885,0,0,3
"969",24,0,0,24,6.9618,0,1,3
"970",9,0,0,9,3.6145,0,1,1
"971",26,0,0,26,8.8883,0,1,1
"972",27,0,0,27,6.9784,0,1,2
"973",27,0,0,27,9.982,0,1,2
"974",21,0,0,21,7.4347,0,1,2
"975",6,0,0,6,2.0575,1,0,0
"976",24,0,0,24,10.6183,0,1,2
"977",30,0,0,30,11.9131,0,0,3
"978",27,0,0,27,12.3347,0,1,3
"979",27,0,0,27,10.4639,0,1,3
"980",9,0,0,9,3.5666,0,1,1
"981",24,0,0,24,8.2547,0,1,2
"982",27,3,0,30,9.0848,0,0,3
"983",26,6,0,32,9.6844,0,0,3
"984",27,3,0,30,6.2587,0,0,3
"985",32,0,0,32,9.4851,0,0,2
"986",26,6,0,32,7.2147,0,0,2
"987",31,0,0,31,7.2686,0,0,2
"988",31,0,0,31,6.0384,0,0,2
"989",21,0,0,21,8.3926,0,1,1
"990",6,0,0,6,3.0284,1,0,0
"991",22,0,0,22,7.4414,0,1,2
"992",9,0,0,9,3.9971,0,1,1
"993",3,0,0,3,0.7675,1,0,0
"994",31,0,0,31,9.7085,0,0,2
"995",30,0,0,30,12.5581,0,0,2
"996",30,0,0,30,12.3278,0,0,2
"997",30,0,0,30,12.6467,0,0,2
"998",30,0,0,30,11.312,0,0,1
"999",9,0,0,9,4.3202,0,1,1
"1000",26,0,0,26,6.6933,0,1,3
