"","N_under_dosing","N_MTD","N_over_dosing","Pts","Length","Safety_stop","Sufficient_info","MTD"
"1",26,6,0,32,10.1198,0,0,3
"2",29,3,0,32,6.4303,0,0,3
"3",27,3,0,30,7.8716,0,0,3
"4",26,3,0,29,8.8711,0,1,3
"5",26,6,0,32,8.045,0,0,4
"6",27,3,0,30,6.6427,0,0,3
"7",28,3,0,31,6.8711,0,0,4
"8",29,3,0,32,6.0158,0,0,3
"9",27,3,0,30,7.0852,0,0,3
"10",24,3,0,27,9.1904,0,1,3
"11",26,6,0,32,8.6946,0,0,3
"12",28,3,0,31,8.4447,0,0,3
"13",29,3,0,32,8.3728,0,0,3
"14",26,6,0,32,7.7308,0,0,3
"15",23,3,0,26,7.413,0,1,3
"16",29,3,0,32,8.9129,0,0,3
"17",32,0,0,32,9.5623,0,0,3
"18",9,0,0,9,3.6264,1,0,2
"19",29,3,0,32,7.258,0,0,3
"20",30,0,0,30,5.8157,0,0,3
"21",29,3,0,32,8.1676,0,0,4
"22",30,0,0,30,9.149,0,0,3
"23",9,0,0,9,4.3645,0,1,1
"24",29,3,0,32,8.6831,0,0,3
"25",29,3,0,32,9.8678,0,0,3
"26",26,6,0,32,9.0527,0,0,3
"27",29,3,0,32,7.3095,0,0,3
"28",29,3,0,32,8.6227,0,0,3
"29",29,3,0,32,7.5697,0,0,3
"30",30,0,0,30,7.4011,0,0,3
"31",30,0,0,30,5.8636,0,0,3
"32",30,0,0,30,6.7875,0,0,3
"33",30,0,0,30,9.3986,0,0,3
"34",26,6,0,32,8.8973,0,0,4
"35",30,0,0,30,11.5355,0,0,3
"36",9,0,0,9,3.9088,0,1,1
"37",9,0,0,9,5.9601,0,1,1
"38",28,3,0,31,9.2618,0,0,3
"39",29,3,0,32,7.7062,0,0,3
"40",28,3,0,31,7.2139,0,0,3
"41",29,3,0,32,6.3581,0,0,3
"42",24,3,0,27,7.6074,0,1,3
"43",30,0,0,30,6.6272,0,0,3
"44",30,0,0,30,6.4265,0,0,3
"45",29,3,0,32,7.5676,0,0,3
"46",29,3,0,32,8.003,0,0,3
"47",16,3,0,19,6.6445,0,1,3
"48",26,3,0,29,7.5787,0,1,3
"49",29,3,0,32,7.9012,0,0,3
"50",27,3,0,30,7.9997,0,0,3
"51",29,3,0,32,7.2575,0,0,3
"52",9,0,0,9,3.8116,0,1,1
"53",30,0,0,30,7.6474,0,0,3
"54",30,0,0,30,6.8969,0,0,3
"55",29,3,0,32,7.3329,0,0,3
"56",29,3,0,32,8.5338,0,0,3
"57",29,3,0,32,7.766,0,0,3
"58",28,3,0,31,7.6236,0,0,3
"59",15,3,0,18,7.9283,0,1,3
"60",25,6,0,31,9.5827,0,0,3
"61",27,3,0,30,7.9888,0,0,3
"62",29,3,0,32,7.6885,0,0,3
"63",30,0,0,30,8.1686,0,0,3
"64",27,0,0,27,7.4803,0,1,3
"65",24,0,0,24,7.6406,0,1,2
"66",26,6,0,32,8.1628,0,0,3
"67",29,3,0,32,10.8492,0,0,3
"68",29,3,0,32,9.2983,0,0,3
"69",29,3,0,32,8.4106,0,0,3
"70",29,3,0,32,7.3814,0,0,3
"71",29,3,0,32,7.0943,0,0,3
"72",29,3,0,32,6.6659,0,0,3
"73",26,3,0,29,7.9368,0,1,3
"74",26,3,0,29,7.3117,0,1,3
"75",28,3,0,31,7.5936,0,0,3
"76",29,3,0,32,9.4047,0,0,3
"77",29,3,0,32,8.0168,0,0,3
"78",16,3,0,19,8.2813,0,1,3
"79",29,3,0,32,7.899,0,0,3
"80",29,3,0,32,7.3718,0,0,3
"81",29,3,0,32,6.6963,0,0,3
"82",15,3,0,18,5.5466,0,1,3
"83",29,3,0,32,6.2278,0,0,3
"84",28,3,0,31,6.0841,0,0,3
"85",27,3,0,30,9.6862,0,0,3
"86",29,3,0,32,6.0124,0,0,3
"87",29,3,0,32,7.513,0,0,3
"88",28,3,0,31,6.6027,0,0,4
"89",29,3,0,32,8.4508,0,0,3
"90",26,6,0,32,9.4227,0,0,3
"91",29,3,0,32,6.9458,0,0,3
"92",29,3,0,32,6.5735,0,0,3
"93",27,3,0,30,6.2034,0,0,3
"94",26,6,0,32,8.9599,0,0,3
"95",29,3,0,32,6.797,0,0,3
"96",29,3,0,32,7.7145,0,0,3
"97",29,3,0,32,6.5258,0,0,3
"98",27,3,0,30,6.2347,0,0,3
"99",27,3,0,30,7.9578,0,0,4
"100",29,3,0,32,7.4382,0,0,3
"101",26,3,0,29,7.9377,0,1,3
"102",27,3,0,30,6.9233,0,0,3
"103",29,3,0,32,5.4496,0,0,3
"104",29,3,0,32,6.3071,0,0,3
"105",28,3,0,31,6.5583,0,0,3
"106",26,3,0,29,6.8225,0,1,3
"107",30,0,0,30,6.3742,0,0,3
"108",29,3,0,32,7.4733,0,0,3
"109",29,3,0,32,8.1293,0,0,3
"110",29,3,0,32,7.4817,0,0,3
"111",26,6,0,32,7.5466,0,0,4
"112",29,3,0,32,9.1952,0,0,3
"113",27,3,0,30,8.97,0,0,3
"114",28,3,0,31,7.9438,0,0,4
"115",29,3,0,32,9.0891,0,0,3
"116",27,3,0,30,8.1758,0,0,3
"117",29,3,0,32,8.3424,0,0,3
"118",26,6,0,32,8.7057,0,0,3
"119",29,3,0,32,6.7967,0,0,3
"120",30,0,0,30,7.2019,0,0,3
"121",26,6,0,32,9.1797,0,0,3
"122",26,3,0,29,9.5062,0,1,3
"123",29,3,0,32,9.9226,0,0,3
"124",29,3,0,32,8.5557,0,0,3
"125",27,0,0,27,7.028,0,1,3
"126",28,3,0,31,7.8574,0,0,3
"127",28,3,0,31,6.6182,0,0,3
"128",28,3,0,31,7.9811,0,0,3
"129",29,3,0,32,6.748,0,0,3
"130",27,3,0,30,6.4167,0,0,3
"131",28,3,0,31,7.3554,0,0,3
"132",28,3,0,31,7.8269,0,0,3
"133",27,3,0,30,7.5119,0,0,3
"134",29,3,0,32,7.393,0,0,3
"135",29,3,0,32,7.6382,0,0,3
"136",26,6,0,32,8.6417,0,0,3
"137",26,6,0,32,10.7491,0,0,3
"138",29,3,0,32,9.8399,0,0,3
"139",29,3,0,32,8.3344,0,0,3
"140",29,3,0,32,7.8171,0,0,3
"141",29,3,0,32,7.3951,0,0,3
"142",29,3,0,32,6.9658,0,0,3
"143",30,0,0,30,5.9007,0,0,3
"144",29,3,0,32,6.8172,0,0,3
"145",28,3,0,31,12.4316,0,0,3
"146",30,0,0,30,8.0194,0,0,3
"147",29,3,0,32,10.253,0,0,3
"148",30,0,0,30,8.3086,0,0,3
"149",29,3,0,32,10.83,0,0,3
"150",29,3,0,32,8.2392,0,0,3
"151",27,3,0,30,7.3794,0,0,3
"152",29,3,0,32,7.4921,0,0,3
"153",29,3,0,32,7.9587,0,0,3
"154",29,3,0,32,6.9221,0,0,3
"155",26,6,0,32,6.9908,0,0,3
"156",29,3,0,32,5.8909,0,0,3
"157",30,0,0,30,5.9783,0,0,3
"158",27,3,0,30,10.5463,0,0,3
"159",27,3,0,30,8.7447,0,0,3
"160",30,0,0,30,8.6852,0,0,3
"161",29,3,0,32,8.7526,0,0,3
"162",25,3,0,28,9.2472,0,1,3
"163",31,0,0,31,8.9424,0,0,3
"164",29,3,0,32,10.1274,0,0,3
"165",29,3,0,32,9.4048,0,0,3
"166",29,3,0,32,7.1301,0,0,3
"167",27,3,0,30,8.1937,0,0,3
"168",29,3,0,32,6.9148,0,0,3
"169",29,3,0,32,7.6264,0,0,3
"170",29,3,0,32,7.955,0,0,3
"171",29,3,0,32,8.1765,0,0,3
"172",28,3,0,31,8.8097,0,0,3
"173",28,3,0,31,7.2015,0,0,3
"174",25,3,0,28,6.7616,0,1,3
"175",26,3,0,29,7.2446,0,1,3
"176",27,3,0,30,5.8389,0,0,3
"177",29,3,0,32,7.2665,0,0,3
"178",26,6,0,32,7.5746,0,0,3
"179",28,3,0,31,8.5877,0,0,3
"180",29,3,0,32,8.9364,0,0,3
"181",29,3,0,32,7.3703,0,0,3
"182",26,6,0,32,7.7061,0,0,3
"183",29,3,0,32,6.9647,0,0,3
"184",29,3,0,32,8.2743,0,0,3
"185",24,3,0,27,9.0074,0,1,3
"186",29,3,0,32,7.9006,0,0,4
"187",29,3,0,32,6.8765,0,0,4
"188",29,3,0,32,6.1898,0,0,3
"189",26,3,0,29,8.6586,0,1,3
"190",29,3,0,32,7.1763,0,0,3
"191",28,3,0,31,10.7081,0,0,3
"192",29,3,0,32,7.6333,0,0,3
"193",29,3,0,32,5.834,0,0,3
"194",25,3,0,28,8.6624,0,1,3
"195",29,3,0,32,7.9016,0,0,3
"196",26,6,0,32,8.5135,0,0,3
"197",29,3,0,32,7.6063,0,0,3
"198",28,3,0,31,6.9706,0,0,3
"199",29,3,0,32,5.4491,0,0,3
"200",28,3,0,31,5.9845,0,0,3
"201",30,0,0,30,7.4113,0,0,3
"202",29,3,0,32,7.7648,0,0,3
"203",29,3,0,32,7.3944,0,0,3
"204",26,6,0,32,8.7751,0,0,3
"205",26,6,0,32,9.073,0,0,3
"206",26,3,0,29,10.991,0,1,3
"207",29,3,0,32,10.1231,0,0,3
"208",29,3,0,32,7.371,0,0,3
"209",24,3,0,27,7.367,0,1,3
"210",29,3,0,32,7.9629,0,0,3
"211",25,3,0,28,8.3397,0,1,3
"212",26,6,0,32,8.2679,0,0,3
"213",29,3,0,32,8.1518,0,0,3
"214",29,3,0,32,9.897,0,0,4
"215",29,3,0,32,7.6154,0,0,3
"216",29,3,0,32,6.7507,0,0,4
"217",29,3,0,32,6.6112,0,0,4
"218",29,3,0,32,7.5943,0,0,3
"219",29,3,0,32,8.3389,0,0,3
"220",26,3,0,29,7.883,0,1,3
"221",29,3,0,32,7.2964,0,0,3
"222",29,3,0,32,6.4,0,0,3
"223",26,6,0,32,8.446,0,0,3
"224",29,3,0,32,7.4659,0,0,3
"225",28,3,0,31,7.5112,0,0,3
"226",29,3,0,32,8.3073,0,0,3
"227",27,3,0,30,7.7321,0,0,3
"228",27,3,0,30,11.3262,0,0,3
"229",27,3,0,30,10.3044,0,0,3
"230",29,3,0,32,10.6711,0,0,3
"231",19,0,0,19,7.5152,0,1,3
"232",16,0,0,16,5.9449,0,1,3
"233",13,0,0,13,4.9178,0,1,2
"234",26,6,0,32,8.4824,0,0,4
"235",27,3,0,30,8.1616,0,0,3
"236",26,3,0,29,7.9663,0,1,3
"237",29,3,0,32,6.9858,0,0,3
"238",26,6,0,32,10.504,0,0,4
"239",29,3,0,32,9.47,0,0,4
"240",25,6,0,31,8.8481,0,0,3
"241",26,6,0,32,8.3556,0,0,3
"242",26,3,0,29,8.5837,0,1,3
"243",29,3,0,32,7.2221,0,0,3
"244",26,6,0,32,7.9529,0,0,3
"245",29,3,0,32,6.8403,0,0,3
"246",30,0,0,30,7.7115,0,0,3
"247",31,0,0,31,9.7783,0,0,3
"248",26,0,0,26,6.9594,0,1,3
"249",9,0,0,9,4.0652,0,1,1
"250",29,3,0,32,8.4057,0,0,3
"251",29,3,0,32,8.9948,0,0,4
"252",29,3,0,32,7.3204,0,0,4
"253",28,3,0,31,6.0207,0,0,4
"254",29,3,0,32,7.4972,0,0,3
"255",29,3,0,32,6.9515,0,0,3
"256",29,3,0,32,7.5677,0,0,3
"257",29,3,0,32,8.8217,0,0,3
"258",32,0,0,32,8.9229,0,0,3
"259",26,6,0,32,8.9081,0,0,3
"260",29,3,0,32,9.8996,0,0,3
"261",27,3,0,30,8.9786,0,0,3
"262",29,3,0,32,8.2555,0,0,3
"263",29,3,0,32,7.3802,0,0,3
"264",29,3,0,32,7.4117,0,0,3
"265",32,0,0,32,8.4164,0,0,3
"266",29,3,0,32,9.9817,0,0,4
"267",32,0,0,32,8.7837,0,0,3
"268",30,0,0,30,7.5504,0,0,3
"269",27,3,0,30,6.1261,0,0,3
"270",31,0,0,31,11.9631,0,0,3
"271",31,0,0,31,9.2826,0,0,3
"272",31,0,0,31,8.0026,0,0,3
"273",27,3,0,30,9.7531,0,0,3
"274",29,3,0,32,9.513,0,0,3
"275",28,3,0,31,6.7037,0,0,3
"276",29,3,0,32,7.1475,0,0,3
"277",26,6,0,32,8.2073,0,0,3
"278",29,3,0,32,8.4298,0,0,3
"279",29,3,0,32,6.2994,0,0,3
"280",29,3,0,32,6.1074,0,0,3
"281",29,3,0,32,8.0918,0,0,4
"282",27,3,0,30,7.1298,0,0,4
"283",29,3,0,32,7.8031,0,0,3
"284",24,6,0,30,8.21,0,0,3
"285",22,3,0,25,8.4109,0,1,3
"286",29,3,0,32,8.9232,0,0,3
"287",24,3,0,27,8.0162,0,1,3
"288",25,3,0,28,7.9908,0,1,3
"289",29,3,0,32,6.2995,0,0,3
"290",25,6,0,31,6.6925,0,0,3
"291",27,3,0,30,5.5313,0,0,3
"292",29,3,0,32,8.209,0,0,3
"293",29,3,0,32,6.3768,0,0,3
"294",29,3,0,32,10.4491,0,0,3
"295",29,3,0,32,7.1332,0,0,3
"296",27,3,0,30,9.175,0,0,3
"297",29,3,0,32,7.1736,0,0,3
"298",27,3,0,30,6.3284,0,0,3
"299",29,3,0,32,7.0031,0,0,3
"300",30,0,0,30,5.609,0,0,3
"301",24,6,0,30,9.428,0,0,3
"302",29,3,0,32,8.8283,0,0,3
"303",29,3,0,32,7.4586,0,0,3
"304",29,3,0,32,8.1738,0,0,3
"305",29,3,0,32,8.8657,0,0,3
"306",25,3,0,28,7.7029,0,1,3
"307",29,3,0,32,6.7366,0,0,3
"308",29,3,0,32,10.0108,0,0,3
"309",29,3,0,32,6.7486,0,0,3
"310",29,3,0,32,6.8178,0,0,3
"311",27,3,0,30,7.0637,0,0,3
"312",28,3,0,31,6.0182,0,0,4
"313",27,3,0,30,9.1621,0,0,3
"314",30,0,0,30,7.4492,0,0,3
"315",30,0,0,30,5.3804,0,0,3
"316",29,3,0,32,6.7724,0,0,3
"317",28,3,0,31,8.0947,0,0,3
"318",29,3,0,32,7.9038,0,0,3
"319",27,3,0,30,6.3794,0,0,3
"320",29,3,0,32,7.6553,0,0,3
"321",27,3,0,30,8.5358,0,0,3
"322",28,3,0,31,7.395,0,0,3
"323",29,3,0,32,7.7224,0,0,3
"324",29,3,0,32,7.2028,0,0,3
"325",29,3,0,32,7.9423,0,0,4
"326",29,3,0,32,6.9708,0,0,4
"327",30,0,0,30,7.3965,0,0,3
"328",30,0,0,30,6.8068,0,0,3
"329",24,6,0,30,8.9971,0,0,3
"330",29,3,0,32,7.8617,0,0,3
"331",29,3,0,32,6.98,0,0,3
"332",29,3,0,32,5.5532,0,0,3
"333",26,6,0,32,11.201,0,0,3
"334",29,3,0,32,8.8526,0,0,3
"335",28,3,0,31,7.7979,0,0,3
"336",29,3,0,32,7.1366,0,0,3
"337",27,3,0,30,6.9438,0,0,3
"338",29,3,0,32,7.7089,0,0,3
"339",29,3,0,32,6.6234,0,0,3
"340",28,3,0,31,6.1102,0,0,3
"341",29,3,0,32,7.613,0,0,3
"342",29,3,0,32,6.8044,0,0,3
"343",26,6,0,32,8.8811,0,0,3
"344",29,3,0,32,9.0819,0,0,3
"345",24,3,0,27,7.984,0,1,3
"346",29,3,0,32,6.8091,0,0,3
"347",29,3,0,32,5.9817,0,0,3
"348",27,3,0,30,10.4927,0,0,4
"349",29,3,0,32,7.588,0,0,4
"350",26,6,0,32,7.452,0,0,4
"351",29,3,0,32,9.0192,0,0,3
"352",29,3,0,32,7.7773,0,0,3
"353",25,3,0,28,10.2977,0,1,3
"354",30,0,0,30,7.244,0,0,3
"355",25,3,0,28,8.3867,0,1,3
"356",28,3,0,31,8.2336,0,0,3
"357",29,3,0,32,7.7971,0,0,3
"358",29,3,0,32,5.6657,0,0,3
"359",29,3,0,32,5.2708,0,0,3
"360",25,3,0,28,9.4748,0,1,3
"361",29,3,0,32,6.9089,0,0,3
"362",29,3,0,32,7.113,0,0,4
"363",26,6,0,32,7.8308,0,0,3
"364",29,3,0,32,7.4415,0,0,4
"365",29,3,0,32,8.0643,0,0,3
"366",29,3,0,32,7.5121,0,0,3
"367",29,3,0,32,8.2914,0,0,3
"368",26,6,0,32,9.5961,0,0,3
"369",28,3,0,31,8.4548,0,0,3
"370",29,3,0,32,9.5356,0,0,3
"371",29,3,0,32,8.3224,0,0,3
"372",27,3,0,30,7.4453,0,0,3
"373",29,3,0,32,6.9114,0,0,3
"374",29,3,0,32,7.0933,0,0,3
"375",27,3,0,30,6.9286,0,0,3
"376",29,3,0,32,7.5925,0,0,3
"377",27,3,0,30,7.2189,0,0,3
"378",26,3,0,29,6.572,0,1,3
"379",26,3,0,29,7.4561,0,1,3
"380",29,3,0,32,6.7912,0,0,3
"381",25,3,0,28,7.0052,0,1,3
"382",29,3,0,32,6.6368,0,0,3
"383",26,3,0,29,8.4998,0,1,3
"384",30,0,0,30,7.8094,0,0,3
"385",29,3,0,32,8.8916,0,0,3
"386",29,3,0,32,7.0595,0,0,3
"387",30,0,0,30,9.4834,0,0,3
"388",27,3,0,30,10.4973,0,0,3
"389",26,6,0,32,8.8046,0,0,4
"390",27,3,0,30,6.8177,0,0,3
"391",32,0,0,32,11.2792,0,0,3
"392",32,0,0,32,9.4629,0,0,3
"393",18,9,0,27,11.5737,0,1,3
"394",27,3,0,30,8.3928,0,0,3
"395",26,6,0,32,9.0755,0,0,3
"396",24,3,0,27,8.2101,0,1,3
"397",29,3,0,32,7.5207,0,0,3
"398",26,6,0,32,8.9675,0,0,4
"399",30,0,0,30,9.0983,0,0,3
"400",30,0,0,30,7.4526,0,0,3
"401",19,3,0,22,7.2272,0,1,3
"402",27,3,0,30,7.4875,0,0,4
"403",29,3,0,32,7.2809,0,0,3
"404",26,6,0,32,9.0999,0,0,3
"405",26,6,0,32,7.0432,0,0,4
"406",27,3,0,30,8.2339,0,0,4
"407",24,5,3,32,7.3759,0,0,4
"408",30,0,0,30,7.326,0,0,3
"409",30,0,0,30,9.5268,0,0,3
"410",30,0,0,30,7.6594,0,0,3
"411",9,0,0,9,4.559,0,1,1
"412",29,3,0,32,6.9717,0,0,3
"413",29,3,0,32,9.1003,0,0,3
"414",24,3,0,27,8.3437,0,1,3
"415",28,3,0,31,7.1573,0,0,3
"416",27,3,0,30,8.8016,0,0,3
"417",27,3,0,30,7.869,0,0,3
"418",30,0,0,30,9.287,0,0,3
"419",29,3,0,32,7.1439,0,0,3
"420",28,3,0,31,9.0099,0,0,3
"421",29,3,0,32,8.8199,0,0,3
"422",29,3,0,32,6.9977,0,0,3
"423",26,6,0,32,8.6655,0,0,3
"424",30,0,0,30,9.9059,0,0,3
"425",30,0,0,30,8.0519,0,0,3
"426",27,3,0,30,6.5474,0,0,3
"427",29,3,0,32,6.1817,0,0,3
"428",29,3,0,32,5.9019,0,0,3
"429",29,3,0,32,6.7443,0,0,3
"430",29,3,0,32,7.1606,0,0,4
"431",29,3,0,32,7.0084,0,0,3
"432",29,3,0,32,6.5966,0,0,3
"433",29,3,0,32,6.7744,0,0,4
"434",32,0,0,32,7.8856,0,0,3
"435",25,6,0,31,11.5604,0,0,3
"436",29,3,0,32,8.1132,0,0,3
"437",26,6,0,32,7.6005,0,0,3
"438",29,3,0,32,7.9747,0,0,4
"439",30,0,0,30,7.0478,0,0,3
"440",30,0,0,30,7.5359,0,0,3
"441",29,3,0,32,9.1492,0,0,4
"442",29,3,0,32,9.2707,0,0,3
"443",26,6,0,32,7.3229,0,0,4
"444",29,3,0,32,6.4027,0,0,3
"445",29,3,0,32,6.7781,0,0,3
"446",27,3,0,30,9.3278,0,0,3
"447",29,3,0,32,8.6194,0,0,3
"448",29,3,0,32,7.2958,0,0,3
"449",30,0,0,30,6.283,0,0,3
"450",29,3,0,32,9.8707,0,0,3
"451",28,3,0,31,7.8762,0,0,3
"452",29,3,0,32,7.3942,0,0,3
"453",28,3,0,31,8.3747,0,0,3
"454",29,3,0,32,7.7261,0,0,3
"455",28,3,0,31,8.1711,0,0,3
"456",24,6,0,30,9.0316,0,0,3
"457",28,3,0,31,8.4314,0,0,3
"458",29,3,0,32,8.1262,0,0,3
"459",29,3,0,32,7.2538,0,0,3
"460",27,3,0,30,10.3485,0,0,4
"461",12,0,0,12,5.1867,0,1,2
"462",9,0,0,9,3.79,0,1,1
"463",29,3,0,32,11.0639,0,0,3
"464",15,0,0,15,5.3148,1,0,2
"465",26,6,0,32,10.1632,0,0,3
"466",27,3,0,30,8.0659,0,0,3
"467",29,3,0,32,7.1479,0,0,3
"468",29,3,0,32,7.7087,0,0,3
"469",27,3,0,30,10.2194,0,0,3
"470",29,3,0,32,8.6634,0,0,3
"471",29,3,0,32,7.2278,0,0,3
"472",25,3,0,28,7.513,0,1,3
"473",25,3,0,28,6.3968,0,1,3
"474",29,3,0,32,6.8118,0,0,3
"475",30,0,0,30,7.4109,0,0,3
"476",29,3,0,32,8.6269,0,0,3
"477",27,3,0,30,11.4527,0,0,4
"478",29,3,0,32,7.7842,0,0,4
"479",32,0,0,32,10.7431,0,0,3
"480",32,0,0,32,10.4977,0,0,3
"481",9,0,0,9,3.7424,1,0,2
"482",28,3,0,31,9.0477,0,0,3
"483",27,3,0,30,7.6037,0,0,3
"484",28,3,0,31,7.2563,0,0,3
"485",29,3,0,32,10.2412,0,0,3
"486",29,3,0,32,9.5646,0,0,3
"487",29,3,0,32,7.8059,0,0,3
"488",29,3,0,32,5.9368,0,0,3
"489",29,3,0,32,6.7191,0,0,3
"490",28,3,0,31,6.8395,0,0,3
"491",27,3,0,30,6.0306,0,0,3
"492",29,3,0,32,7.1036,0,0,3
"493",29,3,0,32,5.8499,0,0,3
"494",29,3,0,32,6.1672,0,0,3
"495",29,3,0,32,7.1899,0,0,3
"496",27,3,0,30,6.8749,0,0,3
"497",29,3,0,32,6.1035,0,0,3
"498",30,0,0,30,6.593,0,0,3
"499",30,0,0,30,10.0433,0,0,3
"500",29,3,0,32,8.2823,0,0,3
"501",27,3,0,30,7.8094,0,0,3
"502",27,3,0,30,10.8266,0,0,3
"503",29,3,0,32,13.3806,0,0,3
"504",29,3,0,32,10.896,0,0,3
"505",29,3,0,32,10.3743,0,0,3
"506",27,3,0,30,9.2863,0,0,3
"507",27,3,0,30,8.4645,0,0,3
"508",28,3,0,31,9.57,0,0,3
"509",25,3,0,28,8.8876,0,1,3
"510",29,3,0,32,8.1415,0,0,3
"511",29,3,0,32,8.7211,0,0,3
"512",29,3,0,32,7.7514,0,0,3
"513",29,3,0,32,5.997,0,0,3
"514",29,3,0,32,6.1565,0,0,3
"515",32,0,0,32,6.7746,0,0,3
"516",29,3,0,32,8.5708,0,0,3
"517",30,0,0,30,7.4747,0,0,3
"518",30,0,0,30,8.7233,0,0,3
"519",29,3,0,32,8.0378,0,0,3
"520",28,3,0,31,9.7293,0,0,3
"521",13,0,0,13,3.1732,1,0,2
"522",27,3,0,30,8.9355,0,0,3
"523",24,3,0,27,7.8367,0,1,3
"524",21,6,3,30,10.186,0,0,4
"525",20,9,3,32,9.5117,0,0,3
"526",29,3,0,32,8.6898,0,0,3
"527",30,0,0,30,9.3323,0,0,3
"528",29,3,0,32,9.1523,0,0,3
"529",29,3,0,32,7.577,0,0,3
"530",28,3,0,31,7.674,0,0,3
"531",29,3,0,32,7.3025,0,0,3
"532",28,3,0,31,7.3333,0,0,3
"533",29,3,0,32,6.4574,0,0,3
"534",30,0,0,30,8.5351,0,0,3
"535",27,3,0,30,7.5649,0,0,3
"536",29,3,0,32,7.7218,0,0,3
"537",27,3,0,30,7.5577,0,0,3
"538",26,6,0,32,8.9816,0,0,3
"539",29,3,0,32,8.5305,0,0,3
"540",28,3,0,31,6.5185,0,0,3
"541",29,3,0,32,7.5134,0,0,3
"542",26,3,0,29,7.579,0,1,3
"543",29,3,0,32,8.5691,0,0,3
"544",28,3,0,31,7.1432,0,0,3
"545",26,6,0,32,8.2963,0,0,3
"546",26,3,0,29,8.2653,0,1,3
"547",29,3,0,32,6.8579,0,0,3
"548",29,3,0,32,6.8933,0,0,3
"549",31,0,0,31,9.0763,0,0,3
"550",27,3,0,30,9.1554,0,0,3
"551",25,3,0,28,7.6734,0,1,3
"552",26,6,0,32,7.7144,0,0,3
"553",29,3,0,32,6.6147,0,0,3
"554",30,0,0,30,6.5983,0,0,3
"555",29,3,0,32,7.0836,0,0,3
"556",30,0,0,30,8.7193,0,0,3
"557",29,3,0,32,8.5999,0,0,3
"558",29,3,0,32,7.5245,0,0,3
"559",27,3,0,30,9.023,0,0,3
"560",29,3,0,32,9.3709,0,0,3
"561",29,3,0,32,7.9444,0,0,3
"562",25,3,0,28,7.5949,0,1,3
"563",29,3,0,32,7.8787,0,0,3
"564",29,3,0,32,6.8113,0,0,3
"565",27,3,0,30,7.068,0,0,3
"566",29,3,0,32,5.9911,0,0,3
"567",29,3,0,32,9.0143,0,0,4
"568",29,3,0,32,6.5788,0,0,3
"569",26,6,0,32,7.5968,0,0,3
"570",29,3,0,32,6.313,0,0,3
"571",29,3,0,32,7.5219,0,0,3
"572",29,3,0,32,6.703,0,0,3
"573",24,6,0,30,8.3649,0,0,3
"574",30,0,0,30,5.8098,0,0,3
"575",30,0,0,30,7.8021,0,0,3
"576",27,3,0,30,9.2025,0,0,3
"577",29,3,0,32,8.758,0,0,3
"578",26,3,0,29,9.4127,0,1,3
"579",29,3,0,32,7.3148,0,0,3
"580",27,3,0,30,7.4273,0,0,3
"581",27,3,0,30,9.6676,0,0,3
"582",29,3,0,32,7.5699,0,0,3
"583",29,3,0,32,6.0623,0,0,3
"584",29,3,0,32,6.7341,0,0,3
"585",27,3,0,30,7.0328,0,0,3
"586",29,3,0,32,7.0028,0,0,3
"587",29,3,0,32,5.3001,0,0,3
"588",25,3,0,28,9.7687,0,1,3
"589",25,3,0,28,8.2116,0,1,3
"590",30,0,0,30,6.3359,0,0,3
"591",29,3,0,32,6.0249,0,0,3
"592",29,3,0,32,7.2865,0,0,3
"593",29,3,0,32,5.5753,0,0,3
"594",29,3,0,32,6.3236,0,0,3
"595",29,3,0,32,5.7609,0,0,4
"596",26,6,0,32,9.9365,0,0,3
"597",29,3,0,32,8.0891,0,0,3
"598",30,0,0,30,6.9694,0,0,3
"599",29,3,0,32,8.2978,0,0,3
"600",29,3,0,32,8.2284,0,0,3
"601",27,3,0,30,6.4203,0,0,3
"602",27,3,0,30,5.8139,0,0,3
"603",29,3,0,32,8.3083,0,0,3
"604",26,3,0,29,8.0606,0,1,3
"605",29,3,0,32,6.3666,0,0,3
"606",29,3,0,32,7.3897,0,0,3
"607",26,6,0,32,7.1947,0,0,3
"608",29,3,0,32,6.1504,0,0,3
"609",27,3,0,30,5.9338,0,0,3
"610",30,0,0,30,11.332,0,0,2
"611",30,0,0,30,6.5949,0,0,3
"612",27,3,0,30,10.7548,0,0,3
"613",29,3,0,32,8.4828,0,0,3
"614",26,6,0,32,7.9608,0,0,3
"615",28,3,0,31,8.9919,0,0,3
"616",29,3,0,32,8.7339,0,0,3
"617",29,3,0,32,7.6898,0,0,3
"618",29,3,0,32,7.8249,0,0,3
"619",29,3,0,32,6.3654,0,0,3
"620",29,3,0,32,8.5272,0,0,3
"621",29,3,0,32,5.8452,0,0,3
"622",29,3,0,32,7.54,0,0,3
"623",28,3,0,31,6.4413,0,0,3
"624",24,6,0,30,10.1493,0,0,3
"625",29,3,0,32,6.3784,0,0,3
"626",28,3,0,31,7.1227,0,0,3
"627",28,3,0,31,5.8599,0,0,3
"628",26,6,0,32,8.095,0,0,3
"629",29,3,0,32,7.7976,0,0,3
"630",27,3,0,30,6.4,0,0,3
"631",29,3,0,32,7.1751,0,0,3
"632",23,3,0,26,8.3112,0,1,3
"633",27,3,0,30,8.2121,0,0,3
"634",22,3,0,25,7.8805,0,1,3
"635",26,6,0,32,8.4439,0,0,3
"636",24,3,0,27,7.0289,0,1,3
"637",29,3,0,32,8.128,0,0,3
"638",29,3,0,32,7.6868,0,0,3
"639",29,3,0,32,7.6784,0,0,3
"640",27,3,0,30,5.8538,0,0,3
"641",25,6,0,31,7.6428,0,0,3
"642",26,6,0,32,10.6878,0,0,3
"643",16,3,0,19,6.9621,0,1,3
"644",26,3,0,29,7.7903,0,1,3
"645",25,3,0,28,7.4742,0,1,3
"646",21,6,0,27,9.8911,0,1,3
"647",27,3,0,30,7.6089,0,0,3
"648",29,3,0,32,8.1614,0,0,3
"649",29,3,0,32,7.7751,0,0,3
"650",29,3,0,32,7.0638,0,0,3
"651",27,3,0,30,9.504,0,0,3
"652",29,3,0,32,9.0515,0,0,3
"653",29,3,0,32,7.3676,0,0,3
"654",29,3,0,32,11.6196,0,0,3
"655",26,3,0,29,9.2067,0,1,3
"656",29,3,0,32,8.3154,0,0,3
"657",28,3,0,31,7.0829,0,0,3
"658",29,3,0,32,6.9092,0,0,3
"659",30,0,0,30,6.0488,0,0,3
"660",29,3,0,32,6.0792,0,0,3
"661",28,3,0,31,7.1841,0,0,3
"662",27,3,0,30,5.9352,0,0,3
"663",29,3,0,32,11.106,0,0,3
"664",27,3,0,30,8.7495,0,0,3
"665",29,3,0,32,8.2605,0,0,3
"666",29,3,0,32,8.1562,0,0,3
"667",29,3,0,32,7.8397,0,0,3
"668",29,3,0,32,7.4691,0,0,4
"669",27,3,0,30,5.8566,0,0,4
"670",32,0,0,32,9.5146,0,0,3
"671",31,0,0,31,7.5808,0,0,3
"672",29,3,0,32,6.6337,0,0,3
"673",28,3,0,31,7.4419,0,0,3
"674",29,3,0,32,6.7975,0,0,4
"675",29,3,0,32,7.5115,0,0,3
"676",26,3,0,29,8.5286,0,1,3
"677",29,3,0,32,6.8886,0,0,3
"678",30,0,0,30,7.6002,0,0,3
"679",30,0,0,30,6.7478,0,0,3
"680",29,3,0,32,7.4915,0,0,3
"681",31,0,0,31,7.6377,0,0,3
"682",31,0,0,31,6.963,0,0,3
"683",28,3,0,31,7.6494,0,0,3
"684",27,3,0,30,6.6522,0,0,3
"685",29,3,0,32,8.2193,0,0,3
"686",28,3,0,31,8.0931,0,0,3
"687",30,0,0,30,7.4747,0,0,3
"688",29,3,0,32,7.7507,0,0,3
"689",29,3,0,32,6.7251,0,0,3
"690",29,3,0,32,7.6354,0,0,3
"691",26,3,0,29,7.9969,0,1,3
"692",15,0,0,15,4.8245,1,0,2
"693",12,0,0,12,3.2846,1,0,2
"694",26,6,0,32,10.6716,0,0,3
"695",27,3,0,30,8.1799,0,0,3
"696",29,3,0,32,10.4184,0,0,3
"697",26,6,0,32,10.0077,0,0,3
"698",29,3,0,32,8.3108,0,0,3
"699",30,0,0,30,8.9249,0,0,3
"700",26,3,0,29,7.5889,0,1,3
"701",28,3,0,31,5.9356,0,0,3
"702",30,0,0,30,9.2309,0,0,3
"703",30,0,0,30,7.87,0,0,3
"704",29,3,0,32,6.79,0,0,3
"705",27,3,0,30,10.0589,0,0,3
"706",31,0,0,31,9.0295,0,0,2
"707",30,0,0,30,7.0739,0,0,2
"708",30,0,0,30,5.1398,0,0,2
"709",29,3,0,32,6.0499,0,0,3
"710",9,0,0,9,4.1016,0,1,1
"711",27,3,0,30,7.9828,0,0,3
"712",27,3,0,30,5.5371,0,0,3
"713",32,0,0,32,8.8194,0,0,3
"714",32,0,0,32,8.4711,0,0,3
"715",29,3,0,32,9.8323,0,0,3
"716",27,3,0,30,9.9251,0,0,3
"717",29,3,0,32,8.7975,0,0,3
"718",29,3,0,32,8.0695,0,0,3
"719",27,3,0,30,7.1649,0,0,3
"720",27,3,0,30,7.2191,0,0,3
"721",18,3,0,21,8.1953,0,1,3
"722",29,3,0,32,7.1213,0,0,3
"723",29,3,0,32,6.7352,0,0,3
"724",30,0,0,30,6.8749,0,0,3
"725",24,3,0,27,8.5974,0,1,3
"726",30,0,0,30,6.4988,0,0,3
"727",29,3,0,32,6.8634,0,0,3
"728",27,3,0,30,9.3125,0,0,3
"729",27,3,0,30,6.3846,0,0,3
"730",26,6,0,32,8.7143,0,0,3
"731",29,3,0,32,8.0022,0,0,3
"732",24,6,0,30,8.1578,0,0,3
"733",29,3,0,32,8.6559,0,0,3
"734",24,6,0,30,6.9743,0,0,3
"735",29,3,0,32,9.1682,0,0,3
"736",26,3,0,29,9.3377,0,1,3
"737",29,3,0,32,8.5302,0,0,3
"738",27,3,0,30,6.014,0,0,4
"739",30,0,0,30,5.4135,0,0,3
"740",30,0,0,30,8.2286,0,0,3
"741",29,3,0,32,6.0025,0,0,3
"742",29,3,0,32,6.8973,0,0,3
"743",29,3,0,32,6.9326,0,0,3
"744",29,3,0,32,6.5169,0,0,3
"745",29,3,0,32,5.9424,0,0,3
"746",27,3,0,30,6.1285,0,0,3
"747",29,3,0,32,7.2273,0,0,3
"748",26,3,0,29,7.1755,0,1,3
"749",32,0,0,32,6.5611,0,0,3
"750",26,6,0,32,7.992,0,0,3
"751",29,3,0,32,6.549,0,0,3
"752",32,0,0,32,8.3888,0,0,3
"753",32,0,0,32,7.1751,0,0,3
"754",25,3,0,28,8.5741,0,1,3
"755",24,3,0,27,8.3338,0,1,3
"756",26,6,0,32,8.5804,0,0,3
"757",29,3,0,32,6.8005,0,0,3
"758",26,6,0,32,9.7587,0,0,3
"759",29,3,0,32,6.6132,0,0,3
"760",26,6,0,32,6.6564,0,0,3
"761",27,3,0,30,6.4066,0,0,3
"762",29,3,0,32,8.5355,0,0,3
"763",29,3,0,32,7.511,0,0,3
"764",27,3,0,30,7.6804,0,0,3
"765",29,3,0,32,7.1301,0,0,3
"766",29,3,0,32,9.7972,0,0,3
"767",29,3,0,32,8.2089,0,0,3
"768",27,3,0,30,7.0516,0,0,3
"769",27,3,0,30,7.2885,0,0,3
"770",29,3,0,32,7.9628,0,0,3
"771",25,6,0,31,9.0979,0,0,3
"772",29,3,0,32,7.4197,0,0,3
"773",29,3,0,32,6.7023,0,0,3
"774",27,3,0,30,6.8097,0,0,3
"775",29,3,0,32,5.7157,0,0,3
"776",29,3,0,32,5.9424,0,0,3
"777",29,3,0,32,6.4885,0,0,4
"778",27,3,0,30,6.1645,0,0,3
"779",29,3,0,32,7.2461,0,0,3
"780",28,3,0,31,7.9213,0,0,3
"781",28,3,0,31,6.4514,0,0,3
"782",29,3,0,32,7.4379,0,0,3
"783",29,3,0,32,7.733,0,0,3
"784",26,6,0,32,7.3534,0,0,4
"785",26,6,0,32,6.6973,0,0,3
"786",29,3,0,32,6.7193,0,0,3
"787",24,3,0,27,6.4534,0,1,3
"788",28,3,0,31,6.2984,0,0,3
"789",28,3,0,31,6.4453,0,0,3
"790",27,3,0,30,8.6096,0,0,4
"791",29,3,0,32,7.9489,0,0,3
"792",26,6,0,32,7.1055,0,0,3
"793",29,3,0,32,8.7161,0,0,3
"794",25,3,0,28,7.7864,0,1,3
"795",24,6,0,30,7.3554,0,0,3
"796",27,3,0,30,7.3965,0,0,3
"797",29,3,0,32,7.1965,0,0,3
"798",28,3,0,31,7.6095,0,0,3
"799",29,3,0,32,5.7596,0,0,3
"800",26,6,0,32,9.7774,0,0,3
"801",26,6,0,32,7.8087,0,0,3
"802",24,3,0,27,8.3606,0,1,3
"803",27,3,0,30,6.8172,0,0,3
"804",27,3,0,30,8.8488,0,0,3
"805",26,3,0,29,6.7162,0,1,3
"806",24,3,0,27,6.537,0,1,3
"807",28,3,0,31,6.3985,0,0,3
"808",31,0,0,31,6.1607,0,0,3
"809",29,3,0,32,7.5069,0,0,4
"810",27,3,0,30,6.5526,0,0,4
"811",25,6,0,31,6.4056,0,0,3
"812",29,3,0,32,7.8059,0,0,4
"813",29,3,0,32,10.8405,0,0,3
"814",26,6,0,32,9.5602,0,0,3
"815",26,3,0,29,8.024,0,1,3
"816",28,3,0,31,8.4005,0,0,3
"817",25,3,0,28,6.9084,0,1,3
"818",28,3,0,31,6.8949,0,0,3
"819",29,3,0,32,7.0969,0,0,3
"820",28,3,0,31,7.5668,0,0,3
"821",29,3,0,32,6.7002,0,0,3
"822",27,3,0,30,6.0796,0,0,3
"823",29,3,0,32,10.3038,0,0,3
"824",30,0,0,30,9.0595,0,0,3
"825",26,6,0,32,7.2066,0,0,3
"826",30,0,0,30,8.4328,0,0,3
"827",28,3,0,31,8.9207,0,0,3
"828",25,3,0,28,8.1082,0,1,3
"829",29,3,0,32,6.3138,0,0,3
"830",30,0,0,30,6.0348,0,0,3
"831",25,3,0,28,7.6565,0,1,3
"832",29,3,0,32,8.5701,0,0,3
"833",28,3,0,31,7.0054,0,0,3
"834",29,3,0,32,7.8261,0,0,3
"835",26,3,0,29,7.5064,0,1,3
"836",29,3,0,32,6.4129,0,0,3
"837",28,3,0,31,7.1501,0,0,3
"838",26,3,0,29,10.2617,0,1,3
"839",28,3,0,31,8.1885,0,0,3
"840",29,3,0,32,7.2018,0,0,3
"841",29,3,0,32,7.1925,0,0,3
"842",29,3,0,32,6.8635,0,0,3
"843",27,3,0,30,6.6014,0,0,3
"844",26,3,0,29,9.4842,0,1,3
"845",26,3,0,29,8.293,0,1,3
"846",29,3,0,32,7.6889,0,0,3
"847",28,3,0,31,5.8982,0,0,3
"848",26,3,0,29,7.9381,0,1,3
"849",29,3,0,32,6.4194,0,0,3
"850",28,3,0,31,6.9605,0,0,3
"851",28,3,0,31,5.7289,0,0,3
"852",29,3,0,32,6.8359,0,0,3
"853",29,3,0,32,6.7817,0,0,3
"854",26,6,0,32,7.2512,0,0,3
"855",32,0,0,32,7.3879,0,0,3
"856",27,3,0,30,7.2986,0,0,3
"857",29,3,0,32,7.0324,0,0,3
"858",29,3,0,32,7.2485,0,0,3
"859",21,6,3,30,7.2821,0,0,4
"860",29,3,0,32,7.3412,0,0,3
"861",29,3,0,32,10.1076,0,0,3
"862",28,3,0,31,7.6108,0,0,3
"863",28,3,0,31,7.5064,0,0,3
"864",29,3,0,32,6.9937,0,0,3
"865",29,3,0,32,6.5783,0,0,3
"866",24,6,0,30,9.222,0,0,3
"867",20,3,0,23,8.3967,0,1,3
"868",29,3,0,32,7.6299,0,0,3
"869",24,3,0,27,6.9915,0,1,3
"870",29,3,0,32,6.7572,0,0,3
"871",26,6,0,32,7.1461,0,0,4
"872",19,6,0,25,10.3094,0,1,3
"873",27,3,0,30,10.0701,0,0,3
"874",29,3,0,32,9.1244,0,0,3
"875",29,3,0,32,7.9093,0,0,3
"876",27,3,0,30,8.1015,0,0,3
"877",30,0,0,30,6.3126,0,0,3
"878",29,3,0,32,7.2553,0,0,3
"879",28,3,0,31,7.5485,0,0,3
"880",28,3,0,31,6.9996,0,0,3
"881",29,3,0,32,6.7715,0,0,4
"882",25,3,0,28,8.9919,0,1,3
"883",29,3,0,32,8.3248,0,0,3
"884",29,3,0,32,7.2828,0,0,3
"885",29,3,0,32,8.3935,0,0,3
"886",32,0,0,32,7.4251,0,0,3
"887",29,3,0,32,9.1302,0,0,3
"888",9,0,0,9,3.6175,0,1,1
"889",27,3,0,30,7.9515,0,0,3
"890",29,3,0,32,8.4386,0,0,3
"891",27,3,0,30,7.5971,0,0,3
"892",29,3,0,32,6.7491,0,0,3
"893",22,3,0,25,7.0962,0,1,3
"894",27,3,0,30,7.4271,0,0,3
"895",24,3,0,27,7.102,0,1,3
"896",23,3,0,26,7.6118,0,1,3
"897",26,6,0,32,6.8955,0,0,3
"898",29,3,0,32,7.4553,0,0,3
"899",29,3,0,32,6.9583,0,0,3
"900",29,3,0,32,8.6994,0,0,3
"901",29,3,0,32,7.4063,0,0,3
"902",29,3,0,32,7.2791,0,0,3
"903",30,0,0,30,6.2867,0,0,3
"904",29,3,0,32,8.7771,0,0,3
"905",29,3,0,32,7.0977,0,0,3
"906",29,3,0,32,5.6923,0,0,3
"907",28,3,0,31,9.261,0,0,3
"908",26,6,0,32,10.0354,0,0,4
"909",29,3,0,32,8.4079,0,0,3
"910",28,3,0,31,8.9064,0,0,4
"911",29,3,0,32,7.693,0,0,3
"912",30,0,0,30,9.3202,0,0,3
"913",29,3,0,32,9.3062,0,0,3
"914",29,3,0,32,8.1008,0,0,3
"915",26,3,0,29,8.6822,0,1,3
"916",29,3,0,32,7.6495,0,0,3
"917",29,3,0,32,7.4399,0,0,3
"918",26,6,0,32,8.2984,0,0,3
"919",22,3,0,25,7.6799,0,1,3
"920",21,6,0,27,9.0292,0,1,3
"921",29,3,0,32,6.0845,0,0,3
"922",29,3,0,32,6.4641,0,0,3
"923",29,3,0,32,5.9694,0,0,3
"924",29,3,0,32,6.2827,0,0,3
"925",27,3,0,30,8.8201,0,0,3
"926",29,3,0,32,7.4714,0,0,3
"927",27,3,0,30,7.1446,0,0,3
"928",26,6,0,32,8.5701,0,0,4
"929",29,3,0,32,7.0558,0,0,4
"930",27,3,0,30,9.6383,0,0,3
"931",27,3,0,30,8.711,0,0,3
"932",26,6,0,32,10.0978,0,0,4
"933",29,3,0,32,7.3771,0,0,3
"934",24,6,0,30,7.8648,0,0,3
"935",29,3,0,32,7.9908,0,0,3
"936",27,3,0,30,6.6156,0,0,3
"937",27,3,0,30,6.2161,0,0,3
"938",29,3,0,32,7.5633,0,0,3
"939",29,3,0,32,8.4811,0,0,3
"940",30,0,0,30,9.3154,0,0,3
"941",30,0,0,30,7.2879,0,0,3
"942",30,0,0,30,9.1175,0,0,3
"943",29,3,0,32,7.2784,0,0,3
"944",29,3,0,32,7.1432,0,0,3
"945",29,3,0,32,6.1445,0,0,4
"946",29,3,0,32,6.3744,0,0,4
"947",29,3,0,32,7.0289,0,0,3
"948",29,3,0,32,6.1631,0,0,3
"949",27,3,0,30,9.4235,0,0,3
"950",26,6,0,32,7.7467,0,0,3
"951",29,3,0,32,7.3248,0,0,3
"952",29,3,0,32,7.6286,0,0,3
"953",28,3,0,31,6.8515,0,0,3
"954",27,3,0,30,8.1592,0,0,3
"955",29,3,0,32,8.0616,0,0,3
"956",30,0,0,30,9.4578,0,0,3
"957",29,3,0,32,9.5663,0,0,3
"958",29,3,0,32,9.0821,0,0,3
"959",26,3,0,29,8.6054,0,1,3
"960",26,6,0,32,8.5236,0,0,3
"961",29,3,0,32,8.3092,0,0,3
"962",29,3,0,32,8.0071,0,0,3
"963",29,3,0,32,7.1383,0,0,3
"964",26,3,0,29,6.4529,0,1,3
"965",29,3,0,32,7.0237,0,0,3
"966",29,3,0,32,6.8054,0,0,3
"967",30,0,0,30,7.1067,0,0,2
"968",27,0,0,27,5.8644,0,1,2
"969",29,3,0,32,6.6151,0,0,3
"970",29,3,0,32,8.8184,0,0,3
"971",28,3,0,31,6.1738,0,0,3
"972",29,3,0,32,6.1474,0,0,3
"973",29,3,0,32,7.6856,0,0,3
"974",30,0,0,30,7.0723,0,0,3
"975",29,3,0,32,8.9137,0,0,3
"976",28,3,0,31,7.613,0,0,3
"977",30,0,0,30,8.4974,0,0,3
"978",29,3,0,32,11.746,0,0,4
"979",32,0,0,32,8.3675,0,0,3
"980",30,0,0,30,8.9522,0,0,3
"981",27,3,0,30,8.0946,0,0,3
"982",25,3,0,28,8.1398,0,1,3
"983",30,0,0,30,6.849,0,0,3
"984",29,3,0,32,6.5145,0,0,3
"985",32,0,0,32,9.4851,0,0,3
"986",26,3,0,29,7.2147,0,1,3
"987",30,0,0,30,7.2686,0,0,3
"988",30,0,0,30,6.0384,0,0,3
"989",27,0,0,27,10.5409,0,1,2
"990",30,0,0,30,12.5507,0,0,3
"991",27,3,0,30,9.6944,0,0,3
"992",30,0,0,30,9.5692,0,0,3
"993",9,0,0,9,4.1285,0,1,1
"994",29,3,0,32,10.0808,0,0,3
"995",26,6,0,32,9.2915,0,0,3
"996",26,6,0,32,10.1597,0,0,3
"997",26,6,0,32,10.4362,0,0,3
"998",26,3,0,29,8.3115,0,1,3
"999",29,3,0,32,8.6602,0,0,3
"1000",28,3,0,31,7.6669,0,0,3
